1403636579.7635555267 0 0 0 -0 -0 -0 1
1403636580.0635554790 -0.00288996 0.198305 0.0661997 -0.0210421 0.00587773 -0.000318826 0.999761
1403636580.2635555267 -0.00667465 0.340992 0.104734 -0.0305506 0.00445748 0.00269742 0.99952
1403636580.4635555744 -0.0113397 0.44093 0.121212 -0.0564746 0.00300976 -0.00203902 0.998397
1403636580.7135555744 -0.0173501 0.367613 0.0975879 -0.0690601 0.00150387 -0.00274272 0.997608
1403636580.9135553837 -0.0197247 0.151451 0.0513715 -0.041723 0.0177503 -0.016589 0.998834
1403636581.1135554314 -0.0276874 -0.056461 0.00178476 -0.0130693 0.0198054 -0.018382 0.999549
1403636581.3135554790 -0.0268926 -0.195532 -0.0353846 0.0195792 0.0206504 -0.0118015 0.999525
1403636581.6635553837 -0.0121113 -0.0502071 -0.00135181 0.000146154 0.0249081 -0.0151082 0.999576
1403636581.8635554314 -0.000893927 0.144687 0.0514432 -0.00929172 0.0186781 -0.014024 0.999684
1403636582.0635554790 0.000807447 0.3257 0.0950103 -0.0379345 0.0225519 -0.00946541 0.998981
1403636582.2635555267 -0.00611868 0.393138 0.106341 -0.0633056 0.0176144 -0.0102059 0.997787
1403636582.4635555744 -0.0182108 0.27346 0.0760371 -0.0474811 0.0149459 -0.00922219 0.998718
1403636582.6635553837 -0.0221761 0.0820365 0.0275187 -0.0299441 0.0238066 -0.0140965 0.999169
1403636582.8635554314 -0.0146301 -0.111128 -0.0195801 -0.0120574 0.0349956 -0.00699324 0.99929
1403636583.0635554790 -0.00616672 -0.242754 -0.0559115 0.0186962 0.0417353 -0.00513988 0.998941
1403636583.4135553837 0.00542217 -0.0905793 -0.00921124 0.0108274 0.0403144 -0.0109844 0.999068
1403636583.6135554314 0.0181886 0.111368 0.0513206 -0.00626136 0.0384482 -0.0165386 0.999104
1403636583.8135554790 0.0214607 0.296259 0.0985721 -0.047243 0.0311011 -0.00409638 0.998391
1403636584.0135555267 0.0212378 0.408123 0.11829 -0.0648401 0.0271923 -0.0114455 0.997459
1403636584.2635555267 0.0110512 0.338706 0.0979261 -0.0631061 0.0176924 -0.0133419 0.997761
1403636584.4635555744 0.00869078 0.153146 0.0612411 -0.0536107 0.0260138 -0.021236 0.997997
1403636584.6635553837 0.00540105 -0.0648525 0.0176753 -0.022009 0.0363906 -0.0197966 0.998899
1403636584.8635554314 0.00106836 -0.237449 -0.0284892 0.0145202 0.0461693 -0.0164494 0.998693
1403636585.4135553837 0.0183201 -0.0645989 0.035256 -0.00201583 0.0626759 -0.0213293 0.997804
1403636585.6135554314 0.0272989 0.0827385 0.0591002 -0.0247444 0.0439829 -0.0246067 0.998423
1403636585.8135554790 0.0265569 0.160431 0.0416966 -0.0550105 0.0227594 -0.0123128 0.99815
1403636586.0635554790 0.0238791 0.172795 0.0122135 -0.108658 0.0272959 -0.000803155 0.993704
1403636586.3635554314 0.00799058 0.164554 -0.0254092 -0.167244 0.0441997 0.0116955 0.984855
1403636587.2635555267 0.0783312 0.143752 -0.0353326 -0.194026 0.0255983 0.00331543 0.980657
1403636587.4635555744 0.140163 0.137027 -0.0154696 -0.197469 0.0294774 0.00859494 0.979828
1403636587.6635553837 0.238963 0.128099 -0.0011191 -0.19614 0.0354328 0.0161822 0.979802
1403636587.8635554314 0.353041 0.114095 0.0128481 -0.185609 0.0484856 0.025376 0.981099
1403636588.0635554790 0.453577 0.121015 0.0230131 -0.200341 0.0657264 0.0296367 0.97707
1403636588.2635555267 0.513456 0.13209 0.0294364 -0.204793 0.0662054 0.0307448 0.97608
1403636588.7135555744 0.463902 0.132131 0.0153996 -0.19932 0.0623263 0.0323379 0.977416
1403636588.9135553837 0.368797 0.137207 0.000450368 -0.202855 0.0523398 0.0304313 0.977335
1403636589.1135554314 0.243472 0.134494 -0.0186104 -0.195298 0.0402845 0.0246959 0.979605
1403636589.3135554790 0.101546 0.129668 -0.0370474 -0.192841 0.0312216 0.0198772 0.980532
1403636589.5135555267 -0.042721 0.135978 -0.0499344 -0.196633 0.0232379 0.0138814 0.980103
1403636589.7135555744 -0.185015 0.147069 -0.0613543 -0.192206 0.0170181 0.0103395 0.981153
1403636589.9135553837 -0.308527 0.166042 -0.0706141 -0.200743 0.00149468 0.00769059 0.979613
1403636590.1135554314 -0.388448 0.176605 -0.0771114 -0.196254 -0.0144848 0.00722469 0.980419
1403636590.5135555267 -0.34145 0.167254 -0.0924994 -0.19112 -0.00544223 0.0026129 0.981548
1403636590.7135555744 -0.229414 0.157233 -0.0961983 -0.187317 0.0073425 0.00191422 0.98227
1403636590.9135553837 -0.0949931 0.153923 -0.0906187 -0.197268 0.0145858 0.00864012 0.980203
1403636591.1135554314 0.0464992 0.152115 -0.0770208 -0.197045 0.0150661 0.0110332 0.980217
1403636591.3135554790 0.16785 0.152931 -0.0593333 -0.200066 0.0187208 0.0149015 0.97949
1403636591.5135555267 0.243297 0.166671 -0.0373337 -0.200957 0.0274187 0.0184734 0.979042
1403636591.7135555744 0.286183 0.177744 -0.00432599 -0.171769 0.0539671 0.0196184 0.983462
1403636591.9135553837 0.306113 0.170877 0.0215368 -0.13651 0.075757 0.0193694 0.987548
1403636592.1135554314 0.3377 0.158275 0.058157 -0.146707 0.0941457 0.0343033 0.984092
1403636592.3135554790 0.376882 0.141574 0.123638 -0.163973 0.103965 0.0430166 0.980027
1403636592.5135555267 0.37475 0.110674 0.20913 -0.168101 0.0853184 0.0435987 0.981102
1403636592.7135555744 0.315999 0.0828397 0.298042 -0.15273 0.0511611 0.0253835 0.986616
1403636592.9135553837 0.190373 0.0736369 0.349272 -0.15696 -0.00310777 0.0106765 0.987542
1403636593.1135554314 0.0135194 0.0900637 0.320555 -0.167213 -0.059479 -0.00533374 0.984111
1403636593.3135554790 -0.159346 0.119735 0.214202 -0.171577 -0.104048 -0.00591757 0.979643
1403636593.5135555267 -0.244637 0.169925 0.0803521 -0.179133 -0.107216 -0.00869928 0.977926
1403636593.7135555744 -0.2254 0.2292 -0.0439691 -0.193969 -0.0794531 0.00797044 0.977752
1403636593.9135553837 -0.114348 0.270664 -0.135306 -0.191808 -0.0123764 0.0371917 0.980649
1403636594.1135554314 0.0446643 0.278436 -0.178257 -0.173666 0.0675461 0.0615689 0.980554
1403636594.3135554790 0.219612 0.264835 -0.135383 -0.175338 0.12057 0.0736762 0.974316
1403636594.5135555267 0.379774 0.228191 -0.0185021 -0.163255 0.141727 0.0634867 0.974285
1403636594.7135555744 0.446073 0.181265 0.122537 -0.14639 0.136536 0.0638251 0.977678
1403636594.9135553837 0.355843 0.157508 0.235349 -0.138536 0.0951712 0.0462583 0.984688
1403636595.1135554314 0.138485 0.159288 0.275153 -0.13859 0.0179443 0.0164752 0.99005
1403636595.3135554790 -0.073751 0.183777 0.237348 -0.149801 -0.0525075 -0.000832705 0.987321
1403636595.5135555267 -0.159705 0.216853 0.153404 -0.156769 -0.079965 -0.00803722 0.98436
1403636595.7135555744 -0.0898455 0.253476 0.0633962 -0.164917 -0.0695136 -0.00939641 0.98381
1403636595.9135553837 0.0738466 0.293088 -0.00983863 -0.165241 -0.0123464 -0.00319923 0.986171
1403636596.1135554314 0.203484 0.329926 -0.0896586 -0.17308 0.0471386 0.014528 0.983672
1403636596.3135554790 0.188214 0.348664 -0.188048 -0.17109 0.0662161 0.0299895 0.98257
1403636596.5135555267 0.0757613 0.353177 -0.306759 -0.160418 0.0658625 0.0249419 0.984534
1403636596.7135555744 -0.0156881 0.35925 -0.378914 -0.160939 0.062721 0.0183496 0.984798
1403636597.0135555267 -0.00780557 0.337588 -0.28104 -0.155254 0.0640196 0.00442288 0.985788
1403636597.2135555744 0.0460583 0.287897 -0.108677 -0.174868 0.0501928 -0.000157868 0.983312
1403636597.4135553837 0.0859747 0.212229 0.0779913 -0.170038 0.0203207 -0.0153814 0.985108
1403636597.6135554314 0.0759365 0.161618 0.214797 -0.159042 -0.0217801 -0.0284363 0.986622
1403636597.8135554790 0.0105684 0.163932 0.228181 -0.14144 -0.0623997 -0.0339229 0.987396
1403636598.0135555267 -0.040415 0.204054 0.136891 -0.138898 -0.0768906 -0.0487214 0.986114
1403636598.2135555744 -0.0510854 0.26501 0.0180483 -0.166001 -0.0736471 -0.0505382 0.982072
1403636598.4135553837 -0.0249671 0.326314 -0.0312844 -0.189227 -0.0584424 -0.0571264 0.978527
1403636598.6135554314 0.0108155 0.349888 0.0290167 -0.173797 -0.0614699 -0.0584618 0.981121
1403636598.8135554790 0.0379032 0.362605 0.141804 -0.133759 -0.0854523 -0.0546619 0.985809
1403636599.0135555267 0.0592116 0.40056 0.245966 -0.0943404 -0.0917613 -0.051063 0.989986
1403636599.2135555744 0.0687523 0.425207 0.308504 -0.0477687 -0.10358 -0.0415947 0.992602
1403636599.4135553837 0.0718526 0.437819 0.354845 -0.0030986 -0.0999108 -0.0343999 0.994397
1403636599.6135554314 0.0747874 0.45806 0.384472 -0.00831796 -0.0852071 -0.0320722 0.995812
1403636624.3635554314 0.0904388 0.471041 0.388477 0.0100886 -0.0803525 -0.0186196 0.996542
1403636624.5635554790 0.107687 0.474265 0.377929 -0.00612785 -0.0731883 -0.019704 0.997105
1403636624.7635555267 0.140823 0.48152 0.360316 -0.00164462 -0.0677397 -0.0302964 0.997242
1403636624.9635555744 0.189786 0.480816 0.32075 -0.0206044 -0.0584794 -0.0611882 0.996199
1403636625.1635553837 0.219632 0.431125 0.264084 -0.0404505 -0.0578342 -0.0665336 0.995285
1403636625.3635554314 0.224483 0.364421 0.228926 -0.0294401 -0.0642545 -0.0546734 0.996
1403636625.7635555267 0.210662 0.342396 0.256325 -0.0268489 -0.0683552 -0.0570697 0.995665
1403636625.9635555744 0.18334 0.212505 0.260139 -0.00893974 -0.0720046 -0.0522894 0.995993
1403636626.1635553837 0.152689 0.0646017 0.253979 -0.00447736 -0.0781747 -0.0376339 0.996219
1403636626.3635554314 0.140296 -0.0315315 0.257656 -0.00359087 -0.0814239 -0.029905 0.996224
1403636627.0635554790 0.233158 -0.00100674 0.270327 -0.0140943 -0.0807366 -0.0553499 0.995098
1403636627.5635554790 0.300544 -0.0835886 0.194747 -0.00713227 -0.0780475 -0.0465358 0.995837
1403636627.8635554314 0.361154 -0.0577402 0.175992 -0.0331338 -0.0461473 -0.0409112 0.997546
1403636628.2135555744 0.421141 -0.0968793 0.206197 -0.0152618 -0.0226153 -0.0321238 0.999111
1403636628.4135553837 0.449984 -0.182858 0.222485 -0.003402 -0.0238289 -0.0181728 0.999545
1403636628.8135554790 0.564 -0.256555 0.256517 -0.0108115 -0.0187667 -0.0208251 0.999549
1403636629.1135554314 0.689289 -0.298546 0.285273 -0.0279985 0.00322096 -0.0235432 0.999325
1403636629.3635554314 0.794461 -0.357536 0.350841 -0.0205798 0.0254854 -0.0119822 0.999392
1403636629.6635553837 0.945508 -0.361454 0.444003 -0.0200873 0.0606119 0.0123629 0.997883
1403636629.8635554314 1.07038 -0.321295 0.536703 -0.0349882 0.10415 0.0221712 0.993699
1403636630.0635554790 1.20161 -0.30523 0.644228 -0.0353287 0.137808 0.0310231 0.989342
1403636630.2635555267 1.34033 -0.341635 0.764741 -0.0103638 0.154409 0.0329802 0.987402
1403636630.5135555267 1.51031 -0.430757 0.89027 -0.0130053 0.158955 0.0303995 0.986732
1403636630.8635554314 1.73461 -0.580929 1.0553 -0.0185843 0.151089 0.023993 0.988054
1403636631.2635555267 1.97317 -0.643852 1.31629 -0.00939217 0.144618 0.0265591 0.989086
1403636631.8635554314 2.29856 -0.679313 1.71054 -0.0130864 0.141063 0.0166381 0.989774
1403636632.7135555744 2.58507 -0.749377 2.22803 -0.030446 0.116925 0.0325426 0.99214
1403636633.0135555267 2.66508 -0.794314 2.45385 -0.0194617 0.0610876 -0.00706054 0.997918
1403636633.6135554314 2.8374 -0.873593 2.93495 -0.0316569 0.0265653 -0.0109414 0.999086
1403636634.0635554790 2.98064 -1.00225 3.37172 -0.0265223 0.0342329 0.00850409 0.999026
1403636634.4135553837 3.1425 -1.15182 3.74182 -0.016552 0.0355721 -0.00960629 0.999184
1403636634.7635555267 3.30757 -1.2717 4.11809 -0.00771027 0.0229338 -0.0244966 0.999407
1403636635.1635553837 3.45979 -1.4287 4.49909 -0.0207764 0.00153016 -0.0340732 0.999202
1403636635.5635554790 3.57423 -1.55789 4.91828 -0.0281978 -0.00823556 -0.0203748 0.999361
1403636635.8135554790 3.6676 -1.71423 5.17226 -0.0179073 -0.00935213 -0.0110405 0.999735
1403636636.0635554790 3.7782 -1.9189 5.42385 -0.0299072 -0.0068194 -0.00935037 0.999486
1403636636.2635555267 3.88539 -2.09064 5.63714 -0.0198369 -0.000884518 -0.0261417 0.999461
1403636636.4635555744 4.00309 -2.27661 5.83402 0.00825804 -0.000140995 -0.0310202 0.999485
1403636636.7635555267 4.14636 -2.44969 6.12009 0.0125655 0.00792263 -0.0538896 0.998436
1403636637.3135554790 4.23976 -2.51288 6.53375 -0.015762 -0.00498592 -0.0337985 0.999292
1403636637.8635554314 4.26225 -2.73506 6.86297 -0.0182687 -0.0113832 -0.0345875 0.99917
1403636638.5135555267 4.26499 -2.85208 7.30719 -0.0423099 -0.0210329 -0.0141832 0.998782
1403636638.9135553837 4.32441 -2.95132 7.65345 -0.026731 -0.0185533 -0.0269227 0.999108
1403636639.2135555744 4.38637 -3.0875 7.9527 -0.0234268 -0.0275042 -0.000623705 0.999347
1403636639.4635555744 4.49284 -3.09933 8.24301 -0.0245104 -0.0198008 -0.0227886 0.999244
1403636639.7135555744 4.62165 -3.0912 8.55008 -0.011337 -0.0142167 -0.0428918 0.998914
1403636640.0135555267 4.76198 -3.1502 8.86201 -0.00316468 -0.0203778 -0.0326504 0.999254
1403636640.3135554790 4.85997 -3.26023 9.13143 -0.00351683 -0.040173 -0.0445081 0.998195
1403636640.8635554314 5.0582 -3.36919 9.52575 -0.00941797 -0.0556891 -0.052438 0.997026
1403636641.7635555267 5.2792 -3.41694 10.0488 -0.00592209 -0.0518434 -0.0464898 0.997555
1403636642.3635554314 5.42917 -3.60433 10.2348 0.00116183 -0.0164718 -0.0338394 0.999291
1403636643.3635554314 5.6469 -3.60061 10.4829 -0.0130961 0.00307646 -0.0209363 0.99969
1403636644.1635553837 5.86104 -3.84453 10.8271 -0.0486613 0.000426095 -0.0284362 0.99841
1403636644.5135555267 5.98777 -3.90259 11.1389 -0.00482799 -0.0102055 0.003937 0.999929
1403636644.8635554314 6.19844 -3.82089 11.4707 -0.00054752 0.00129149 -0.0257968 0.999666
1403636645.1135554314 6.36225 -3.74123 11.6826 -0.0367931 0.00413961 -0.0240661 0.999025
1403636645.5135555267 6.59489 -3.79665 12.0817 -0.0436747 0.00756555 -0.0245614 0.998715
1403636645.8135554790 6.77106 -3.87016 12.4611 -0.0362968 0.0073473 -0.0251752 0.998997
1403636646.0635554790 6.88826 -4.01531 12.81 -0.0248163 0.0145775 -0.012733 0.999505
1403636646.2635555267 7.02962 -4.16217 13.0716 -0.010513 0.0478834 0.0116066 0.99873
1403636646.4635555744 7.17493 -4.29197 13.3501 0.00629195 0.100632 0.0308396 0.994426
1403636646.6635553837 7.34364 -4.40432 13.5806 0.0113696 0.138924 0.0289448 0.989815
1403636646.9135553837 7.53598 -4.58254 13.801 0.0079099 0.157252 0.0322227 0.987001
1403636647.2635555267 7.79566 -4.7956 14.0542 -0.00712142 0.158521 0.0323791 0.986799
1403636647.6135554314 8.05124 -4.91434 14.2927 0.0129162 0.147945 0.0400261 0.988101
1403636647.9635555744 8.33532 -5.01755 14.4617 0.00633918 0.166974 0.0398297 0.985136
1403636648.2135555744 8.56093 -4.99167 14.5412 0.00660884 0.218746 0.0565872 0.974117
1403636648.4135553837 8.73587 -4.95005 14.5971 0.00735624 0.270519 0.0744576 0.959803
1403636648.6135554314 8.91015 -4.88951 14.6354 0.00739787 0.318035 0.0916599 0.943609
1403636648.9135553837 9.14133 -4.84011 14.6727 -0.020715 0.348826 0.10525 0.931028
1403636649.3135554790 9.45975 -5.01537 14.6135 0.00239795 0.351676 0.0922539 0.931562
1403636649.7635555267 9.76741 -5.29955 14.5274 0.011157 0.349884 0.0952894 0.931867
1403636650.1635553837 9.99376 -5.39147 14.3924 0.0165494 0.378192 0.0980372 0.920373
1403636650.4135553837 10.1372 -5.37222 14.2918 0.0108555 0.42731 0.118178 0.896283
1403636650.6635553837 10.2158 -5.28557 14.2241 -0.00134577 0.475785 0.141247 0.868145
1403636651.2635555267 10.3538 -5.20069 13.9726 0.00841918 0.500539 0.139976 0.854281
1403636652.0635554790 10.3622 -5.10069 13.5263 0.0279926 0.523987 0.161721 0.835763
1403636652.2635555267 10.3741 -5.01562 13.3616 0.00893397 0.57773 0.178802 0.796353
1403636652.4635555744 10.3221 -4.83884 13.2222 -0.0052447 0.624802 0.205523 0.75323
1403636652.7135555744 10.2955 -4.73667 12.9956 -0.0221697 0.64915 0.227208 0.725595
1403636653.2635555267 10.4342 -4.61148 12.5934 -0.00340247 0.657069 0.202774 0.726039
1403636654.0135555267 10.5796 -4.51912 12.0765 0.0104813 0.645237 0.187021 0.740664
1403636654.4635555744 10.5638 -4.41917 11.812 0.00613753 0.675855 0.20341 0.708383
1403636654.7635555267 10.4942 -4.42812 11.6074 1.46287e-05 0.707555 0.22573 0.669636
1403636655.3135554790 10.3657 -4.2961 11.3231 0.01932 0.731029 0.215185 0.647239
1403636655.7135555744 10.1421 -4.20423 11.1622 0.0127354 0.753085 0.247325 0.609533
1403636655.9635555744 9.99275 -4.03906 11.0514 0.0113113 0.77391 0.267315 0.574002
1403636656.2635555267 9.80096 -3.91305 10.9017 0.00508293 0.795399 0.273526 0.54083
1403636656.6635553837 9.60685 -3.86347 10.549 0.00337124 0.798397 0.267894 0.539243
1403636657.0635554790 9.39943 -3.78553 10.2591 0.0210611 0.802015 0.240391 0.546388
1403636657.4135553837 9.15556 -3.64863 10.0207 0.0242627 0.793818 0.258598 0.549901
1403636657.7135555744 8.89139 -3.52881 9.83483 0.0177374 0.790207 0.272923 0.548426
1403636657.9635555744 8.67643 -3.36798 9.6314 0.0245339 0.789606 0.286619 0.542005
1403636658.1635553837 8.5043 -3.27058 9.42843 0.0107891 0.794455 0.281388 0.538094
1403636658.3635554314 8.35254 -3.18337 9.17834 -0.00218074 0.79816 0.275299 0.53586
1403636658.5635554790 8.19658 -3.06714 8.97068 -0.0143407 0.801626 0.268926 0.533731
1403636658.7635555267 8.07941 -2.94008 8.75721 -0.0202787 0.804449 0.260515 0.533463
1403636659.0135555267 7.97922 -2.77877 8.53084 -0.00744895 0.80785 0.25029 0.533551
1403636659.3135554790 7.85471 -2.56729 8.34034 0.00369749 0.808154 0.247863 0.534263
1403636659.6135554314 7.70516 -2.41812 8.19429 -0.00630419 0.805625 0.256666 0.533902
1403636659.9635555744 7.56345 -2.23833 8.06248 -0.00727486 0.808069 0.25722 0.529914
1403636660.2635555267 7.45823 -2.02171 8.0234 -0.0188108 0.804128 0.273253 0.527595
1403636660.8135554790 7.50215 -1.72475 7.97161 -0.0205958 0.812337 0.247799 0.527523
1403636661.2135555744 7.63368 -1.46921 8.07182 -0.003374 0.813678 0.242078 0.528502
1403636661.6135554314 7.73005 -1.33375 8.26194 0.00220187 0.810634 0.250007 0.529494
1403636662.1135554314 7.74473 -1.42286 8.47574 0.02068 0.808104 0.250599 0.532673
1403636662.6135554314 7.65416 -1.50831 8.71211 -0.00830327 0.805854 0.266118 0.528877
1403636663.0135555267 7.59344 -1.45672 8.94343 0.0143315 0.799227 0.289698 0.526409
1403636663.5635554790 7.59186 -1.2999 9.02985 -0.0379604 0.801156 0.287484 0.523508
1403636664.0635554790 7.91504 -1.15104 9.10035 -0.0515571 0.811914 0.242097 0.528703
1403636664.2635555267 8.13006 -1.18965 9.18269 -0.0257324 0.810631 0.237778 0.534488
1403636664.4635555744 8.36107 -1.18738 9.31439 -0.0110461 0.806909 0.237209 0.540839
1403636664.6635553837 8.5741 -1.15564 9.49268 0.00432592 0.801234 0.239354 0.548375
1403636664.8635554314 8.76785 -1.14924 9.66919 -0.000824729 0.796232 0.240449 0.555155
1403636665.0635554790 8.94226 -1.19908 9.85112 -0.0053168 0.789709 0.2511 0.559715
1403636665.2635555267 9.12207 -1.29212 10.0213 0.00200556 0.784455 0.261022 0.562578
1403636665.4635555744 9.29764 -1.40949 10.1689 0.00312509 0.786246 0.256094 0.562338
1403636665.6635553837 9.46495 -1.5031 10.3181 -0.0156212 0.790581 0.248495 0.559453
1403636665.8635554314 9.63356 -1.6283 10.4822 -0.00418453 0.79446 0.2441 0.556086
1403636666.0635554790 9.79611 -1.74303 10.6669 0.0187385 0.792122 0.255962 0.553783
1403636666.2635555267 9.94068 -1.81044 10.8395 0.0139948 0.795323 0.247761 0.553064
1403636666.4635555744 10.0679 -1.86113 11.0126 0.0226098 0.792214 0.253279 0.554739
1403636666.7135555744 10.1868 -1.95135 11.1942 0.00172779 0.788063 0.258404 0.558731
1403636666.9635555744 10.2813 -2.08285 11.3958 0.00146857 0.776061 0.288453 0.560823
1403636667.2635555267 10.4557 -2.0947 11.5262 0.00391602 0.787263 0.24947 0.563884
1403636667.6135554314 10.6417 -2.11361 11.7196 -0.00559442 0.782027 0.260352 0.566233
1403636668.0135555267 10.8471 -2.18429 11.9351 0.00382975 0.779879 0.270145 0.564621
1403636668.4635555744 11.1293 -2.16048 12.1408 -0.0115451 0.789691 0.261592 0.55482
1403636668.8635554314 11.4403 -2.07666 12.3787 -0.023686 0.800773 0.242332 0.547245
1403636669.1135554314 11.6519 -2.11454 12.546 -0.00486431 0.802243 0.239246 0.54694
1403636669.4135553837 11.8752 -2.17357 12.8014 0.00211142 0.802895 0.24028 0.545546
1403636669.7135555744 12.0607 -2.21231 13.1106 0.0165241 0.807894 0.219807 0.546552
1403636669.9135553837 12.1211 -2.27448 13.3388 0.048627 0.796707 0.244389 0.550607
1403636670.2135555744 12.1016 -2.41909 13.6032 0.0745113 0.77981 0.272856 0.558474
1403636670.6135554314 11.8722 -2.51669 13.7292 0.100086 0.743605 0.281559 0.598129
1403636670.8635554314 11.584 -2.54391 13.5864 0.102547 0.705757 0.273296 0.645523
1403636671.0635554790 11.2917 -2.54579 13.3505 0.115906 0.662927 0.261645 0.691835
1403636671.2635555267 10.9292 -2.51447 12.9724 0.0881794 0.628059 0.235894 0.736288
1403636671.4635555744 10.5417 -2.47083 12.4903 0.0148521 0.611 0.203221 0.764957
1403636671.6635553837 10.1732 -2.39124 11.9812 -0.0294272 0.585165 0.201733 0.784869
1403636671.8635554314 9.85707 -2.31371 11.5185 -0.0528653 0.573407 0.208491 0.790532
1403636672.0635554790 9.63336 -2.24229 11.0809 -0.0809138 0.573034 0.211021 0.787753
1403636672.2635555267 9.50319 -2.2663 10.7003 -0.0919374 0.583686 0.191174 0.78378
1403636672.4635555744 9.46212 -2.28597 10.4147 -0.0840649 0.596243 0.158971 0.782404
1403636672.6635553837 9.47153 -2.2678 10.2192 -0.0256266 0.598607 0.153248 0.785829
1403636673.1135554314 9.43459 -2.0528 10.0483 -0.0320558 0.559251 0.161291 0.812524
1403636673.9635555744 9.69481 -2.10519 10.1898 -0.0263656 0.529141 0.137588 0.836889
1403636674.3635554314 9.86894 -2.17025 10.4944 -0.00854702 0.522775 0.155619 0.838102
1403636674.6635553837 9.98014 -2.12191 10.7758 0.00627491 0.494387 0.159212 0.854514
1403636674.9635555744 10.1099 -2.01734 11.0224 -0.0245822 0.472406 0.17365 0.863756
1403636675.4135553837 10.4947 -2.08219 11.3463 -0.0447593 0.480302 0.13544 0.865426
1403636675.6635553837 10.7419 -2.17962 11.608 -0.0236475 0.467627 0.104602 0.877396
1403636675.8635554314 10.9082 -2.2171 11.8549 0.00257553 0.434927 0.109072 0.893832
1403636676.0635554790 11.0519 -2.23174 12.102 0.00621802 0.387401 0.127351 0.913052
1403636676.3135554790 11.2172 -2.19861 12.4075 -0.0226254 0.347353 0.0769799 0.934296
1403636676.5635554790 11.3615 -2.1953 12.7306 -0.0288685 0.294229 0.0482776 0.954078
1403636676.8135554790 11.4472 -2.3126 13.0558 -0.0166935 0.253891 0.0609059 0.965169
1403636677.2135555744 11.621 -2.43826 13.5845 -0.0142285 0.243684 0.0458311 0.968667
1403636677.5135555267 11.6949 -2.47336 13.9959 0.0158892 0.223539 0.0277193 0.974171
1403636677.7635555267 11.7166 -2.56177 14.2395 0.0171907 0.171568 0.0305747 0.984548
1403636677.9635555744 11.6814 -2.64682 14.3941 -0.00384804 0.116226 0.0400906 0.992406
1403636678.2635555267 11.7269 -2.73032 14.5838 -0.0102973 0.0652542 -0.000494548 0.997815
1403636678.5635554790 11.7857 -2.81915 14.752 -0.0123736 0.013933 -0.0199487 0.999627
1403636678.8135554790 11.8184 -2.91272 14.8747 -0.0103706 -0.036342 -0.0666438 0.997061
1403636679.1135554314 11.8045 -2.95057 15.0159 -0.00662338 -0.0952466 -0.102256 0.990166
1403636679.3135554790 11.7431 -2.95542 15.1025 0.000814378 -0.153405 -0.0856013 0.984448
1403636679.5635554790 11.6642 -2.97722 15.1581 -0.000378758 -0.215174 -0.0958213 0.971863
1403636679.9135553837 11.5948 -3.10778 15.1729 0.00819439 -0.245892 -0.114496 0.962476
1403636680.3135554790 11.5082 -3.3061 15.0708 0.0252221 -0.231565 -0.145456 0.961553
1403636680.7635555267 11.282 -3.31411 14.7703 0.00549585 -0.220432 -0.141164 0.965118
1403636680.9635555744 11.1223 -3.25282 14.5984 -0.0196119 -0.230336 -0.104867 0.967245
1403636681.2635555267 10.8797 -3.1359 14.3853 -0.0262329 -0.225487 -0.117588 0.966768
1403636681.5135555267 10.6585 -3.0704 14.2399 -0.00284006 -0.230141 -0.111714 0.96672
1403636681.8135554790 10.3971 -2.99935 14.0207 0.00051686 -0.232398 -0.119057 0.965306
1403636682.1135554314 10.1239 -2.95026 13.7792 -0.000105384 -0.238662 -0.11388 0.964402
1403636682.3635554314 9.90075 -2.91441 13.5596 -0.0197623 -0.239405 -0.112625 0.964163
1403636682.6635553837 9.63226 -2.8458 13.3212 -0.00469118 -0.233719 -0.114779 0.965494
1403636683.0135555267 9.34134 -2.74032 13.0415 0.00703478 -0.227109 -0.117884 0.966683
1403636683.3135554790 9.08751 -2.66875 12.7388 0.00105507 -0.23124 -0.112234 0.966401
1403636683.6135554314 8.83092 -2.50774 12.4534 -0.00292491 -0.236203 -0.110701 0.965373
1403636683.8635554314 8.63778 -2.36414 12.1995 -0.0170275 -0.239704 -0.109346 0.964518
1403636684.2135555744 8.36494 -2.27876 11.8541 -0.00888548 -0.245888 -0.110253 0.962966
1403636684.5635554790 8.11596 -2.23485 11.5019 -0.00104316 -0.253187 -0.10399 0.961812
1403636684.9635555744 7.90291 -2.05552 11.1359 0.00245707 -0.251761 -0.110913 0.96141
1403636685.4135553837 7.73288 -1.88619 10.6793 -0.00579343 -0.238319 -0.124653 0.963137
1403636685.8635554314 7.50173 -1.69839 10.2053 -0.00217817 -0.233573 -0.122724 0.964561
1403636686.1635553837 7.34328 -1.52806 9.89719 -0.0125162 -0.2384 -0.111151 0.964704
1403636686.5135555267 7.1484 -1.42171 9.5367 -0.0218659 -0.238349 -0.107458 0.964969
1403636686.8635554314 6.98136 -1.28985 9.23159 -0.0168496 -0.240859 -0.10806 0.964378
1403636687.3135554790 6.75992 -1.22325 8.87887 -0.01068 -0.244009 -0.105705 0.963936
1403636687.6635553837 6.63064 -1.10031 8.64483 -0.00518799 -0.247182 -0.103754 0.963384
1403636687.9635555744 6.55413 -0.906725 8.47271 -0.00431589 -0.248145 -0.106012 0.962895
1403636688.3135554790 6.46903 -0.670597 8.27566 -0.0041684 -0.246615 -0.112134 0.962595
1403636688.6135554314 6.38898 -0.494562 8.09711 -0.00544582 -0.24269 -0.123609 0.962181
1403636688.8635554314 6.31015 -0.32125 7.94029 -0.00724602 -0.245714 -0.129885 0.960574
1403636689.0635554790 6.21903 -0.21386 7.79916 -0.0156816 -0.260524 -0.126053 0.957075
1403636689.2635555267 6.12381 -0.151688 7.65029 -0.0233328 -0.274271 -0.123448 0.953411
1403636689.5135555267 5.99273 -0.142585 7.47251 -0.0247109 -0.282761 -0.124551 0.950748
1403636689.7635555267 5.85002 -0.191837 7.32101 -0.0441943 -0.287035 -0.115605 0.949891
1403636690.0635554790 5.68645 -0.233539 7.23157 -0.0443669 -0.288438 -0.0971525 0.951523
1403636690.5135555267 5.48951 -0.347436 7.275 -0.036765 -0.279265 -0.114102 0.952701
1403636690.8135554790 5.35928 -0.418391 7.40054 -0.0351808 -0.293304 -0.0701876 0.95279
1403636691.0635554790 5.33215 -0.42415 7.58554 -0.000641586 -0.302886 -0.044722 0.951977
1403636691.2635555267 5.42134 -0.470669 7.73487 0.0287356 -0.298706 -0.0663845 0.9516
1403636691.4635555744 5.58495 -0.551486 7.84386 0.018531 -0.292118 -0.0986951 0.951096
1403636691.6635553837 5.78793 -0.671424 7.90437 -0.00101431 -0.292074 -0.112829 0.949717
1403636691.8635554314 6.00162 -0.790217 7.95405 -0.00436363 -0.289254 -0.126351 0.948867
1403636692.0635554790 6.20997 -0.880464 8.0064 0.00214442 -0.293373 -0.114104 0.949162
1403636692.2635555267 6.43124 -0.981419 8.03691 0.000819715 -0.288199 -0.125756 0.949277
1403636692.5135555267 6.68538 -1.15347 8.04237 -0.00302143 -0.283796 -0.130053 0.95002
1403636692.7635555267 6.92895 -1.36884 8.00773 -0.00724235 -0.27715 -0.138863 0.950712
1403636693.1635553837 7.22391 -1.62512 7.9417 -0.0124732 -0.274336 -0.145694 0.950451
1403636694.0635554790 7.42979 -1.85967 8.06152 -0.0095269 -0.288698 -0.123793 0.949336
1403636694.8135554790 7.43102 -2.00996 8.33234 -0.0110987 -0.286957 -0.124071 0.94981
1403636695.5635554790 7.5035 -2.09034 8.62187 -0.00772723 -0.275702 -0.125398 0.952997
1403636697.0635554790 7.54896 -2.00739 8.92912 0.00423453 -0.260468 -0.138813 0.955442
1403636697.8135554790 7.35407 -2.08565 8.60838 -0.0122919 -0.220704 -0.119433 0.967923
1403636698.2135555744 7.15136 -2.0437 8.42596 -0.0126585 -0.170369 -0.0946412 0.980743
1403636698.5635554790 6.95298 -1.93035 8.29102 -0.0151504 -0.111574 -0.0773512 0.990625
1403636698.8135554790 6.81113 -1.8081 8.22095 -0.0177351 -0.0499458 -0.0512917 0.997276
1403636699.0635554790 6.66141 -1.69619 8.15794 -0.0180166 0.0160836 -0.0194419 0.999519
1403636699.3135554790 6.51259 -1.64629 8.09787 -0.0175335 0.0817464 0.0231507 0.99623
1403636699.5635554790 6.40617 -1.637 8.03349 -0.0187617 0.145723 0.0572147 0.987491
1403636699.8635554314 6.36037 -1.59523 7.98372 -0.0129888 0.213323 0.0723429 0.974213
1403636700.5135555267 6.40474 -1.31864 7.92213 -0.00469054 0.251252 0.0871236 0.963981
1403636700.8635554314 6.52664 -1.08976 7.8711 0.000518492 0.291759 0.0844577 0.952756
1403636701.8635554314 6.91916 -1.01293 7.64745 -0.00655817 0.294185 0.0797578 0.952392
1403636702.1635553837 7.0674 -0.953948 7.62056 -0.00358389 0.344537 0.103064 0.933091
1403636702.4635555744 7.21746 -0.821748 7.60289 -0.0151524 0.386071 0.11461 0.915196
1403636702.9135553837 7.45673 -0.533466 7.70155 -0.0306613 0.398579 0.114845 0.909398
1403636703.7635555267 7.98407 -0.413827 7.86986 -0.0101414 0.392531 0.111523 0.912896
1403636704.5135555267 8.46232 -0.340797 7.96376 -0.0246775 0.382693 0.111914 0.91674
1403636705.0135555267 8.84107 -0.340425 8.12143 -0.0534065 0.377131 0.115129 0.917423
1403636705.3135554790 9.13604 -0.334377 8.34408 -0.0228092 0.380244 0.0974638 0.919454
1403636705.6635553837 9.46389 -0.391384 8.65599 -0.0326026 0.37957 0.103575 0.918769
1403636705.9135553837 9.69953 -0.422737 8.91985 -0.0129545 0.378066 0.107237 0.919456
1403636706.1135554314 9.90315 -0.486563 9.12116 0.0071519 0.368584 0.125627 0.921039
1403636706.4135553837 10.2035 -0.536086 9.38971 -0.00947465 0.374868 0.0965276 0.921991
1403636706.7635555267 10.5296 -0.58897 9.70668 -0.0254815 0.376014 0.0945982 0.92142
1403636707.0135555267 10.7457 -0.684726 9.94744 -0.0268729 0.380263 0.0975303 0.919329
1403636707.2635555267 10.9621 -0.814131 10.2061 -0.0223756 0.387715 0.0976463 0.916319
1403636707.5135555267 11.1625 -1.00491 10.4764 -0.0264817 0.391803 0.0995581 0.914263
1403636707.8135554790 11.405 -1.24342 10.8093 -0.0222946 0.384386 0.12032 0.915027
1403636708.1635553837 11.706 -1.35494 11.3006 -0.0136968 0.381683 0.106058 0.918086
1403636708.4635555744 11.9981 -1.38986 11.6997 0.008188 0.368892 0.128844 0.920462
1403636708.8135554790 12.3518 -1.44367 12.085 0.0029078 0.384078 0.0945665 0.91844
1403636709.2635555267 12.7022 -1.52832 12.5076 -0.000372471 0.401187 0.0872588 0.911831
1403636709.7635555267 12.8813 -1.64573 12.9746 -0.0154551 0.399703 0.0912319 0.911963
1403636710.1635553837 12.9358 -1.76837 13.4067 -0.0120792 0.39344 0.0868833 0.915156
1403636710.4635555744 12.9313 -1.8073 13.7686 0.00158803 0.369636 0.108206 0.922853
1403636710.7135555744 12.906 -1.79168 14.0676 0.00645092 0.335806 0.107197 0.935789
1403636710.9635555744 12.8942 -1.76177 14.3265 0.000397093 0.300173 0.0702186 0.951297
1403636711.3135554790 12.8482 -1.81352 14.6255 -0.0021706 0.27496 0.0443477 0.96043
1403636711.6635553837 12.7178 -1.91759 14.8734 0.0282345 0.277279 0.0409695 0.9595
1403636712.0635554790 12.4399 -2.04136 15.0164 0.0132625 0.273362 0.0754736 0.958854
1403636712.4135553837 12.1618 -2.18608 15.0342 0.0122761 0.255436 0.0457932 0.965663
1403636712.7135555744 11.889 -2.34283 14.9759 0.0246828 0.225141 0.0329111 0.973457
1403636713.0635554790 11.5292 -2.41113 14.8607 0.0158975 0.213039 0.033298 0.976347
1403636713.4135553837 11.1371 -2.50301 14.6516 0.00766292 0.208641 0.0410707 0.9771
1403636713.8135554790 10.7104 -2.62978 14.3241 0.0029722 0.206319 0.0648606 0.976328
1403636714.4135553837 10.222 -2.5836 13.8283 -0.00212937 0.220946 0.0613237 0.973354
1403636714.7635555267 9.99362 -2.47029 13.5556 -0.0252927 0.184093 0.0502039 0.9813
1403636715.0135555267 9.87705 -2.45494 13.3759 -0.0284441 0.129295 0.0176611 0.991041
1403636715.4635555744 9.68457 -2.5541 13.1346 -0.0197734 0.0825217 0.00679007 0.99637
1403636716.9635555744 9.42691 -2.30126 12.332 -0.00466209 0.0558162 -0.00599131 0.998412
1403636717.3135554790 9.37129 -2.23535 12.0671 -0.00727042 -0.00244372 -0.0392987 0.999198
1403636717.9635555744 9.16153 -2.04027 11.5792 -0.0061585 -0.0287366 -0.0654506 0.997423
1403636718.2135555744 8.97153 -1.9915 11.3733 -0.00840559 -0.0747153 -0.0688006 0.994793
1403636718.4635555744 8.77042 -1.88795 11.1733 -0.0128599 -0.115793 -0.0671067 0.99092
1403636718.6635553837 8.61891 -1.76507 11.0461 -0.0157269 -0.14733 -0.0618965 0.987024
1403636719.0135555267 8.38964 -1.56206 10.8402 -0.0122903 -0.162412 -0.0847671 0.982998
1403636719.4635555744 8.12837 -1.41367 10.5709 0.00890627 -0.16357 -0.0774737 0.983445
1403636719.8135554790 7.9678 -1.24171 10.3371 -0.00802913 -0.155208 -0.0729506 0.985152
1403636720.3635554314 7.78847 -1.06974 9.96309 -0.0138502 -0.149562 -0.0691737 0.986232
1403636721.0635554790 7.66794 -0.882747 9.61316 -0.010421 -0.120221 -0.055852 0.99112
1403636721.5135555267 7.68009 -0.820796 9.41647 -0.00366141 -0.0614493 -0.0371719 0.997411
1403636722.4135553837 7.74733 -0.632921 8.9764 -0.00599317 -0.035493 -0.0402914 0.998539
1403636723.4635555744 7.69098 -0.448526 8.4189 -0.00318466 -0.0083494 -0.0391554 0.999193
1403636724.0635554790 7.59493 -0.368452 8.03174 -0.0172681 0.0341501 -0.0120375 0.999195
1403636724.4135553837 7.55295 -0.249343 7.85864 -0.0153342 0.0914013 0.00393992 0.995688
1403636725.4135553837 7.34869 -0.479412 7.32516 -0.0117384 0.118919 0.0210149 0.992612
1403636727.4635555744 7.23818 -0.739291 6.5861 -0.00391411 0.103332 -0.00793578 0.994608
1403636728.5635554790 6.90804 -0.986825 5.98141 0.000724939 0.0942712 0.0214894 0.995314
1403636729.0635554790 6.70299 -0.943775 5.69599 0.00450226 0.0503515 -0.0196643 0.998528
1403636729.8635554314 6.33434 -0.814956 5.13857 -0.00584857 0.0334759 -0.0204202 0.999214
1403636730.5135555267 6.01162 -0.623467 4.70674 -0.022087 0.0306972 -0.0178906 0.999125
1403636732.4635555744 5.67868 -0.327586 4.25228 0.00325277 0.0332135 -0.0260614 0.999103
1403636733.5635554790 5.3797 -0.294227 3.55202 -0.00863503 0.0248057 -0.0229435 0.999392
1403636734.4135553837 4.95763 -0.212214 2.92988 -0.00654608 0.0216391 -0.0201528 0.999541
1403636735.2635555267 4.56224 -0.112882 2.37871 -0.02093 0.013655 -0.0171671 0.99954
1403636736.2635555267 4.1799 -0.301524 1.983 -0.00794141 0.00204495 -0.0223903 0.999716
1403636737.0135555267 3.90571 -0.315496 1.77462 -0.00318459 -0.0268317 -0.0482486 0.99847
1403636737.6135554314 3.5895 -0.191107 1.5906 -0.0170199 -0.0456255 -0.0368497 0.998134
1403636738.7135555744 3.30541 -0.488696 1.36223 -0.022881 -0.00857368 -0.0140603 0.999603
1403636739.0635554790 3.33052 -0.445624 1.42549 -0.00808278 0.0695463 0.0326839 0.99701
1403636739.2635555267 3.39692 -0.383193 1.45593 -0.0078379 0.130067 0.0397442 0.990677
1403636739.4635555744 3.47768 -0.30438 1.50278 -0.00836399 0.190148 0.040721 0.980875
1403636739.8635554314 3.64043 -0.260894 1.53064 -0.00632903 0.24087 0.0693803 0.968054
1403636741.0135555267 3.96653 0.183263 1.6453 -0.00448572 0.231671 0.0458148 0.971704
1403636741.5135555267 4.03569 0.553844 1.67855 -0.0141658 0.251851 0.0725879 0.964936
1403636743.0635554790 4.25637 0.997091 1.92623 -0.00675987 0.238658 0.0637304 0.968987
1403636743.8635554314 4.57621 1.19292 2.29236 -0.011788 0.263973 0.0721362 0.961757
1403636744.3635554314 4.78761 1.46787 2.67164 0.00450673 0.293143 0.0835088 0.952404
1403636744.8135554790 4.96743 1.90259 2.9833 0.0150836 0.292715 0.0876482 0.952055
1403636745.1635553837 5.10256 2.17729 3.13626 -0.0104864 0.287488 0.0837546 0.954058
1403636746.2135555744 5.41207 2.22186 3.31186 -3.20435e-05 0.319877 0.0600827 0.945552
1403636746.8135554790 5.23348 2.09743 3.34419 -0.0278628 0.298241 0.103448 0.948459
1403636747.5135555267 5.13792 1.88978 3.48369 -0.00804826 0.307297 0.0746852 0.948644
1403636748.0635554790 5.04312 1.5722 3.6238 0.00249805 0.309106 0.109936 0.944649
1403636748.8135554790 5.01003 1.22012 3.7922 0.00168083 0.317098 0.101875 0.942904
1403636749.5635554790 5.13411 0.944114 3.83087 -0.000953839 0.337201 0.0843227 0.937648
1403636750.6135554314 5.06039 0.656004 3.66588 0.00296233 0.310225 0.0782755 0.947431
1403636751.2635555267 4.84239 0.181947 3.37273 -0.0194781 0.306349 0.0765519 0.948636
1403636751.9135553837 4.66323 -0.191794 3.20321 -0.0220403 0.282913 0.0973656 0.953936
1403636752.4135553837 4.68331 -0.444826 3.13122 0.00133288 0.258878 0.0658204 0.963664
1403636752.7135555744 4.68043 -0.617027 3.07928 -0.00456651 0.200845 0.0439208 0.978627
1403636753.0135555267 4.69138 -0.707949 3.03425 -0.0096241 0.136411 0.00840946 0.99057
1403636753.3135554790 4.64759 -0.693804 3.03713 -0.0115486 0.0661719 -0.0309194 0.997262
1403636753.7635555267 4.51718 -0.696157 3.04303 -0.00431118 0.0118638 -0.0298628 0.999474
1403636754.6635553837 4.11761 -0.751866 2.85009 0.00503647 0.00529378 -0.0413673 0.999117
1403636754.9635555744 3.92255 -0.70866 2.71557 0.00370842 -0.038405 -0.0530393 0.997847
1403636755.3635554314 3.62078 -0.629017 2.47911 -0.012092 -0.0571208 -0.0574797 0.996638
1403636755.8135554790 3.24286 -0.610977 2.20824 -0.0136876 -0.0531247 -0.0557328 0.996937
1403636756.2135555744 2.87231 -0.555179 2.00894 -0.00286082 -0.0533492 -0.0527681 0.997177
1403636756.6135554314 2.50786 -0.505707 1.76984 -0.000271823 -0.0571282 -0.0535018 0.996932
1403636757.0135555267 2.13617 -0.441401 1.50207 0.00233491 -0.0618625 -0.0525865 0.996696
1403636757.4135553837 1.77282 -0.354888 1.16633 -0.00250504 -0.0626652 -0.0559309 0.996463
1403636757.6635553837 1.54632 -0.272053 0.957327 -0.0231792 -0.072407 -0.0665182 0.994885
1403636757.8635554314 1.34733 -0.263781 0.79043 -0.0413063 -0.0860876 -0.0689638 0.993039
1403636758.0635554790 1.13315 -0.304434 0.656108 -0.023745 -0.0961465 -0.0661435 0.992883
1403636758.2635555267 0.928389 -0.324847 0.538991 -0.00464047 -0.101856 -0.0608606 0.992925
1403636758.4635555744 0.726252 -0.299073 0.439338 -0.020811 -0.104781 -0.0532565 0.99285
1403636758.6635553837 0.547181 -0.252612 0.358075 -0.0551279 -0.109849 -0.0360453 0.991764
1403636758.8635554314 0.394762 -0.215771 0.334925 -0.022012 -0.106538 -0.0416085 0.993194
1403636759.1135554314 0.236502 -0.158459 0.326609 -0.00600557 -0.106756 -0.0414356 0.993403
1403636759.3635554314 0.127818 -0.0809544 0.319502 -0.00698575 -0.117253 -0.0160691 0.992948
1403636759.6135554314 0.0967935 0.034979 0.328486 -0.00146642 -0.106883 -0.0518112 0.99292
1403636759.9635555744 0.0869557 0.110199 0.281431 -0.0116845 -0.105766 -0.0599255 0.992515
1403636760.2635555267 0.083489 0.170074 0.240018 -0.0175755 -0.105287 -0.0573403 0.992632
1403636760.5135555267 0.0856699 0.233463 0.223871 -0.00250216 -0.104216 -0.0608891 0.992686
1403636760.7135555744 0.0890724 0.2956 0.201593 -0.0201409 -0.102446 -0.0689423 0.992142
1403636760.9135553837 0.0810277 0.343338 0.182321 -0.00990213 -0.102023 -0.0742627 0.991957
1403636761.1135554314 0.0580539 0.394908 0.158598 -0.0259942 -0.104437 -0.0695187 0.991758
1403636761.3135554790 0.0222658 0.440139 0.146195 -0.0464928 -0.104698 -0.070631 0.990903
1403636761.5135555267 -0.0278459 0.448706 0.158314 -0.0213851 -0.105664 -0.0676021 0.991871
1403636761.7135555744 -0.0828451 0.437968 0.172532 -0.00789213 -0.108893 -0.0539407 0.992557
1403636761.9135553837 -0.124881 0.420165 0.176444 -0.00969611 -0.112023 -0.0412503 0.992802
1403636762.2135555744 -0.150229 0.391774 0.172272 -0.00963924 -0.094229 -0.086362 0.991751
1403636762.4135553837 -0.19387 0.390776 0.165319 -0.0374205 -0.0960023 -0.0770452 0.991689
1403636762.6135554314 -0.25798 0.419819 0.193116 -0.0279792 -0.11271 -0.0270318 0.992866
1403636762.8135554790 -0.287434 0.498036 0.255042 -0.0117504 -0.109952 -0.0379078 0.993144
1403636763.0135555267 -0.254054 0.511764 0.240103 -0.00579833 -0.0909088 -0.0401868 0.995031
1403636763.2135555744 -0.228595 0.518642 0.229456 0.00921677 -0.0682445 -0.0114157 0.997561
