1403636858.6516664028 0 0 0 -0 -0 -0 1
1403636859.1016664505 0.0658699 -0.0925963 -0.0322929 -0.0112089 0.0199549 -0.000690479 0.999738
1403636859.3516664505 0.106226 -0.177247 -0.0619307 -0.0175668 0.0325437 -0.00321371 0.999311
1403636859.5516664982 0.121507 -0.312435 -0.0960494 -0.023068 0.042728 -0.00582266 0.998803
1403636859.7516665459 0.127313 -0.485645 -0.12536 -0.0110662 0.0595272 -0.0141558 0.998065
1403636859.9516665936 0.123455 -0.63602 -0.160331 0.00219515 0.0703072 -0.02341 0.997248
1403636860.3516664505 0.155485 -0.498833 -0.130095 -0.0316413 0.0730737 -0.00857013 0.996788
1403636860.5516664982 0.168407 -0.293327 -0.0912347 -0.0761982 0.0708056 0.00533381 0.994561
1403636860.7516665459 0.173144 -0.184013 -0.0825216 -0.0928727 0.0642942 0.00510313 0.993587
1403636860.9516665936 0.172981 -0.24839 -0.11048 -0.0913418 0.0602254 -0.00824683 0.993963
1403636861.1516664028 0.168419 -0.459938 -0.159345 -0.0638551 0.0603536 -0.0126655 0.996052
1403636861.3516664505 0.168492 -0.685641 -0.212175 -0.0164043 0.0608945 -0.015173 0.997894
1403636861.8516664505 0.188813 -0.542443 -0.161738 -0.025602 0.0612887 -0.0122096 0.997717
1403636862.0516664982 0.180006 -0.329175 -0.111567 -0.0637925 0.0542763 -0.0028823 0.996482
1403636862.2516665459 0.172864 -0.191445 -0.0840096 -0.0838364 0.0507245 -0.0020513 0.995186
1403636862.4516665936 0.170789 -0.260659 -0.108256 -0.0931942 0.0495769 -0.00860345 0.994376
1403636862.6516664028 0.174645 -0.485385 -0.155333 -0.0708691 0.0655954 -0.0187484 0.99515
1403636862.8516664505 0.166262 -0.739696 -0.212951 -0.050016 0.0738667 -0.0103951 0.995959
1403636863.0516664982 0.160678 -0.893128 -0.262024 -0.030197 0.0738795 -0.00562233 0.996794
1403636863.3516664505 0.175716 -0.690566 -0.200086 -0.0272193 0.0830572 -0.0268945 0.99581
1403636863.5516664982 0.184599 -0.442664 -0.131384 -0.0437323 0.0842685 -0.0177511 0.995325
1403636863.7516665459 0.188873 -0.23285 -0.0906052 -0.0735915 0.0727322 0.00185814 0.994631
1403636864.1016664505 0.187772 -0.359166 -0.1431 -0.0875682 0.0657211 -0.00320434 0.993983
1403636864.3016664982 0.176108 -0.620128 -0.207946 -0.0730158 0.0727835 -0.0119112 0.9946
1403636864.5016665459 0.159423 -0.829875 -0.256494 -0.0458372 0.0764829 -0.00410816 0.996008
1403636864.9516665936 0.166062 -0.660312 -0.193521 -0.0362397 0.0842449 -0.0141374 0.995685
1403636865.1516664028 0.177877 -0.440182 -0.123458 -0.0601916 0.0854018 -0.00537017 0.994512
1403636865.3516664505 0.180041 -0.292177 -0.0817654 -0.0681466 0.0737981 0.0181933 0.994776
1403636865.7016665936 0.165878 -0.383642 -0.110114 -0.0887898 0.0701813 0.0022403 0.993572
1403636865.9016664028 0.14373 -0.62278 -0.17167 -0.056872 0.0688346 0.00475569 0.995994
1403636866.1016664505 0.128596 -0.861491 -0.240587 -0.00361276 0.0725667 0.00629408 0.997337
1403636866.6016664505 0.144788 -0.741652 -0.20787 -0.019662 0.0888293 -0.0109599 0.995792
1403636866.8016664982 0.170867 -0.564785 -0.165727 -0.0435163 0.0870046 -0.0123374 0.995181
1403636867.0016665459 0.174376 -0.448823 -0.162978 -0.0709598 0.0688115 0.00123037 0.995102
1403636867.2516665459 0.165523 -0.392968 -0.190898 -0.0913745 0.0550026 0.00609455 0.994278
1403636867.6016664505 0.153203 -0.397428 -0.253794 -0.146082 0.0538435 -1.07119e-05 0.987806
1403636867.8016664982 0.151196 -0.370021 -0.292082 -0.258406 0.055312 0.0088267 0.964411
1403636868.7516665459 0.0806823 -0.388062 -0.37368 -0.256595 0.0726277 0.0256027 0.963446
1403636869.8016664982 0.151302 -0.38407 -0.373499 -0.257755 0.0640386 0.0196391 0.963886
1403636870.0016665459 0.304655 -0.403227 -0.351066 -0.247116 0.078283 0.0271454 0.965437
1403636870.2016665936 0.49737 -0.420363 -0.32674 -0.25412 0.0941386 0.0322839 0.962039
1403636870.4016664028 0.693528 -0.441762 -0.30273 -0.245911 0.105752 0.0336303 0.962919
1403636870.6016664505 0.851236 -0.440962 -0.285831 -0.251307 0.117537 0.0404428 0.959893
1403636870.8016664982 0.950175 -0.437612 -0.270493 -0.245503 0.126984 0.0439175 0.960039
1403636871.4516665936 0.885162 -0.423085 -0.266991 -0.244999 0.126678 0.0491691 0.959954
1403636871.6516664028 0.726963 -0.425217 -0.269261 -0.24689 0.118334 0.0494664 0.960518
1403636871.8516664505 0.52044 -0.42635 -0.271411 -0.248392 0.101437 0.0491898 0.962077
1403636872.0516664982 0.295174 -0.417892 -0.253946 -0.237539 0.0821471 0.0484689 0.966684
1403636872.2516665459 0.0926055 -0.398146 -0.236213 -0.236703 0.0649414 0.0436424 0.968426
1403636872.4516665936 -0.0562182 -0.37357 -0.229467 -0.250259 0.0510434 0.0377988 0.966093
1403636872.9016664028 -0.00884171 -0.380023 -0.231828 -0.245664 0.0514889 0.0319558 0.967459
1403636873.1016664505 0.163776 -0.384112 -0.225761 -0.246267 0.0668316 0.0348128 0.966268
1403636873.3016664982 0.389581 -0.396701 -0.220401 -0.248872 0.0824201 0.0437063 0.964033
1403636873.5016665459 0.619303 -0.402114 -0.220183 -0.251614 0.096723 0.0500533 0.961681
1403636873.7016665936 0.807136 -0.389239 -0.226167 -0.25984 0.114493 0.0537339 0.957333
1403636873.9016664028 0.903724 -0.373716 -0.235803 -0.262262 0.116888 0.0566538 0.956215
1403636874.3016664982 0.855367 -0.3698 -0.228675 -0.264917 0.116332 0.0550257 0.955645
1403636874.5016665459 0.701966 -0.373736 -0.215355 -0.265419 0.100956 0.0526422 0.957387
1403636874.7016665936 0.484387 -0.371312 -0.199416 -0.258178 0.0864538 0.0469587 0.961075
1403636874.9016664028 0.261745 -0.353523 -0.179219 -0.259497 0.0680213 0.0477842 0.96216
1403636875.1016664505 0.110766 -0.34216 -0.149066 -0.245591 0.0666069 0.0493012 0.965825
1403636875.3016664982 0.0202597 -0.331048 -0.121818 -0.213646 0.105021 0.0698805 0.968732
1403636875.5016665459 -0.042105 -0.308906 -0.160008 -0.214209 0.129067 0.110296 0.96192
1403636875.7016665936 -0.0424144 -0.268278 -0.285725 -0.218726 0.144822 0.132812 0.955796
1403636875.9016664028 0.0311426 -0.220701 -0.432219 -0.217565 0.183375 0.145995 0.947483
1403636876.1016664505 0.170495 -0.201129 -0.559638 -0.211608 0.236991 0.160963 0.934424
1403636876.3016664982 0.361925 -0.207251 -0.606102 -0.203188 0.280501 0.172451 0.922114
1403636876.5016665459 0.59311 -0.227777 -0.550071 -0.208673 0.305871 0.174752 0.912338
1403636876.7016665936 0.799217 -0.290492 -0.405645 -0.192953 0.305592 0.150328 0.920209
1403636876.9016664028 0.876265 -0.367228 -0.213677 -0.184968 0.270043 0.118817 0.937415
1403636877.1016664505 0.78748 -0.423241 -0.0143987 -0.175552 0.203578 0.0848336 0.959448
1403636877.3016664982 0.568352 -0.456637 0.128828 -0.177483 0.121003 0.0513783 0.975304
1403636877.5016665459 0.300628 -0.451161 0.162662 -0.187151 0.0471564 0.0223313 0.980944
1403636877.7016665936 0.0745655 -0.402046 0.0851909 -0.2092 0.00294943 0.0188638 0.977686
1403636877.9016664028 -0.0596789 -0.338108 -0.0696251 -0.228412 0.00276611 0.031357 0.973055
1403636878.1016664505 -0.0813524 -0.260162 -0.236722 -0.241484 0.041912 0.047019 0.968358
1403636878.3016664982 0.0163297 -0.197125 -0.380582 -0.23363 0.0954038 0.0718504 0.964962
1403636878.5016665459 0.210238 -0.169661 -0.480477 -0.225887 0.147626 0.0996431 0.957733
1403636878.7016665936 0.451797 -0.197479 -0.497769 -0.217494 0.201377 0.109692 0.948742
1403636878.9016664028 0.681563 -0.256521 -0.438274 -0.206488 0.229076 0.11021 0.94485
1403636879.1016664505 0.840988 -0.321677 -0.323213 -0.205556 0.230838 0.112013 0.944412
1403636879.3016664982 0.899148 -0.402669 -0.172908 -0.178755 0.217867 0.100601 0.95418
1403636879.5016665459 0.825555 -0.4664 -0.0400179 -0.166765 0.17541 0.0732691 0.967498
1403636879.7016665936 0.639587 -0.50292 0.0271355 -0.170347 0.118803 0.0558512 0.9766
1403636879.9016664028 0.411222 -0.501876 0.0129833 -0.184682 0.0757148 0.0483467 0.978684
1403636880.1016664505 0.253951 -0.463571 -0.0959518 -0.201688 0.0601324 0.044941 0.976569
1403636880.3016664982 0.245082 -0.416389 -0.256731 -0.197509 0.0869176 0.0507875 0.975118
1403636880.5016665459 0.296636 -0.381516 -0.433401 -0.185217 0.143388 0.0620663 0.970197
1403636880.7016665936 0.266511 -0.35691 -0.601676 -0.192497 0.178512 0.0737001 0.962105
1403636880.9016664028 0.140657 -0.335361 -0.696624 -0.201448 0.17082 0.0804655 0.961127
1403636881.1016664505 -0.00367522 -0.340161 -0.681076 -0.182184 0.143025 0.0657875 0.97058
1403636881.3016664982 -0.112617 -0.371051 -0.593558 -0.16926 0.0921176 0.0471239 0.980125
1403636881.5016665459 -0.113439 -0.424369 -0.447932 -0.164024 0.0650793 0.0229041 0.984041
1403636881.7016665936 0.00771411 -0.47573 -0.283439 -0.155588 0.0573336 -0.00193961 0.986155
1403636881.9016664028 0.204816 -0.505402 -0.141526 -0.160586 0.0681811 -0.00482022 0.984652
1403636882.1016664505 0.406486 -0.500651 -0.0763631 -0.160464 0.0887442 0.0116722 0.982975
1403636882.3016664982 0.543602 -0.442584 -0.0989648 -0.151156 0.109094 0.0169821 0.982325
1403636882.5016665459 0.549055 -0.364583 -0.15408 -0.142229 0.098396 0.02092 0.984709
1403636882.7016665936 0.483357 -0.322316 -0.136866 -0.11564 0.0710227 0.0183185 0.990579
1403636882.9016664028 0.42287 -0.285668 -0.0453174 -0.0601429 0.0223934 0.00409708 0.99793
1403636883.1016664505 0.375394 -0.218235 0.0546641 -0.0514166 -0.0243107 -0.00927622 0.998338
1403636883.3016664982 0.342759 -0.154051 0.139595 -0.0364852 -0.0442677 -0.0269016 0.997991
1403636883.5016665459 0.327164 -0.115598 0.189113 -0.0244047 -0.0580712 -0.0293992 0.997581
1403636883.8516664505 0.319609 -0.0906242 0.222408 -0.0096972 -0.0813411 -0.035994 0.995989
1403636897.4516665936 0.349804 -0.0714313 0.198968 0.00149942 -0.0880497 -0.0431023 0.995182
1403636897.6516664028 0.395284 -0.0591516 0.151197 -0.0227795 -0.0720661 -0.052973 0.995732
1403636897.8516664505 0.4451 -0.0851771 0.0841477 -0.0525731 -0.0631568 -0.0675996 0.994323
1403636898.0516664982 0.475902 -0.156448 0.0436531 -0.0411336 -0.0665005 -0.0707301 0.994426
1403636898.2516665459 0.493267 -0.206693 0.0359232 -0.0307649 -0.0741668 -0.0699853 0.994311
1403636898.4516665936 0.498142 -0.277882 0.0327294 -0.0310166 -0.0811368 -0.0720844 0.993609
1403636898.6516664028 0.493075 -0.364656 0.0395073 -0.0321425 -0.0866516 -0.0741458 0.992956
1403636898.8516664505 0.480458 -0.443994 0.0630917 -0.0335331 -0.0912326 -0.0727611 0.992602
1403636899.0516664982 0.462545 -0.514737 0.110729 -0.0361111 -0.093945 -0.0604208 0.993086
1403636899.2516665459 0.465719 -0.582771 0.190008 -0.0216076 -0.0693134 -0.0503943 0.996087
1403636899.4516665936 0.494666 -0.647221 0.274861 -0.0052442 -0.0227069 -0.0363324 0.999068
1403636899.6516664028 0.536152 -0.699957 0.33999 -0.0194376 0.0077367 -0.0139916 0.999683
1403636899.9016664028 0.624435 -0.746116 0.428125 -0.0252588 0.0298333 -0.0157936 0.999111
1403636900.1516664028 0.731742 -0.785417 0.527995 -0.00597381 0.036203 -0.0235231 0.99905
1403636900.5016665459 0.875452 -0.952516 0.566568 -0.0208368 0.0288878 -0.0288016 0.99895
1403636900.9516665936 1.06134 -1.10298 0.666874 -0.0340138 0.0144616 -0.0157794 0.999192
1403636901.3016664982 1.28544 -1.13473 0.842648 -0.025312 0.012582 -0.0119988 0.999528
1403636901.5516664982 1.49721 -1.22913 0.963543 -0.0235452 0.0179165 -0.0247583 0.999256
1403636901.8016664982 1.72488 -1.28893 1.10279 -0.0181884 0.0187105 -0.025456 0.999335
1403636902.1016664505 1.99707 -1.2925 1.28913 -0.0165569 0.0188345 -0.0293856 0.999254
1403636902.4016664028 2.27644 -1.33778 1.43016 -0.0188324 0.0188086 -0.0254869 0.999321
1403636902.6516664028 2.5257 -1.26698 1.58061 -0.0199058 0.0278097 -0.0343131 0.998826
1403636903.0016665459 2.82733 -1.27559 1.75137 -0.0143477 0.0273713 -0.0330247 0.998977
1403636903.4516665936 3.14754 -1.49745 1.86956 -0.0220785 0.0202621 -0.0384676 0.99881
1403636904.0516664982 3.50761 -1.68129 2.12793 -0.027285 0.0121416 -0.0207103 0.999339
1403636904.4016664028 3.79158 -1.91621 2.25589 -0.0209751 0.0127755 -0.0170389 0.999553
1403636904.7516665459 4.12603 -2.0968 2.42279 -0.0206335 0.021385 -0.0279389 0.999168
1403636905.1516664028 4.50085 -2.20919 2.63121 -0.0195804 0.0321213 -0.0358259 0.99865
1403636905.6516664028 4.86487 -2.42082 2.86555 -0.0275997 0.028165 -0.0480886 0.998064
1403636906.4016664028 5.16611 -2.56588 3.41135 -0.0206584 0.00765853 -0.0390766 0.998993
1403636907.0016665459 5.39092 -2.75389 3.89738 -0.0250724 0.00675336 -0.0439101 0.998698
1403636907.5516664982 5.55944 -2.91406 4.39996 -0.0402651 -0.00464873 -0.0288072 0.998763
1403636907.9016664028 5.71227 -3.1679 4.75857 -0.0368132 -0.00804388 -0.0223661 0.999039
1403636908.2016665936 5.88106 -3.29256 5.14646 -0.0205617 -0.00656153 -0.0414928 0.998906
1403636908.5516664982 6.08531 -3.43481 5.57625 -0.0238078 -0.0136308 -0.0454504 0.99859
1403636908.9016664028 6.27228 -3.59878 5.99547 -0.0369824 -0.0199431 -0.0434737 0.998171
1403636909.2016665936 6.41854 -3.84847 6.36433 -0.0396324 -0.0221445 -0.037475 0.998266
1403636909.4516665936 6.56111 -4.01425 6.72791 -0.0355629 -0.0190548 -0.0394899 0.998405
1403636909.7516665459 6.75427 -4.11692 7.20532 -0.0210423 -0.0171063 -0.0344556 0.999038
1403636910.0016665459 6.93231 -4.13902 7.62262 -0.00334917 -0.004691 -0.0671338 0.997727
1403636910.4016664028 7.09441 -4.18695 8.17817 -0.0216258 -0.0136579 -0.04832 0.998504
1403636910.7516665459 7.19662 -4.29555 8.61098 -0.0238156 -0.0163194 -0.04989 0.998337
1403636911.0516664982 7.26863 -4.33587 9.00181 -0.00683182 -0.0208114 -0.0396164 0.998975
1403636911.4016664028 7.3685 -4.46386 9.36917 -0.0209508 -0.01742 -0.0480494 0.998473
1403636911.7516665459 7.45793 -4.65192 9.70108 -0.0223441 -0.0161443 -0.0480487 0.998465
1403636912.2016665936 7.58482 -4.73521 10.1801 -0.0263766 -0.0171034 -0.0356127 0.998871
1403636912.6016664505 7.75611 -4.87305 10.6117 -0.0242879 -0.0157513 -0.0325033 0.999052
1403636913.1016664505 8.07487 -4.89878 11.1839 -0.0115941 -0.0126029 -0.0366138 0.999183
1403636913.6016664505 8.46661 -4.97024 11.6417 -0.0192158 -0.0133408 -0.0347756 0.999121
1403636914.1016664505 8.86035 -5.07586 12.0689 -0.0170187 -0.0107362 -0.0386607 0.99905
1403636914.5516664982 9.25803 -5.21817 12.3667 -0.0173429 -0.00758972 -0.0453652 0.998791
1403636915.0016665459 9.6018 -5.42543 12.6167 -0.0194378 -0.00356496 -0.0468843 0.998705
1403636915.5016665459 9.91998 -5.46272 12.9491 -0.0381536 -0.00148556 -0.044123 0.998296
1403636915.9016664028 10.16 -5.61483 13.234 -0.0161256 -0.0104907 -0.0247008 0.99951
1403636916.2516665459 10.4332 -5.79239 13.4403 -0.0159445 -0.00530289 -0.047768 0.998717
1403636916.6016664505 10.6803 -5.95178 13.6192 -0.0155025 0.0167085 -0.0464576 0.99866
1403636916.9516665936 10.8751 -6.01726 13.8379 -0.0139806 0.0498602 -0.0377162 0.997946
1403636917.4016664028 11.0655 -5.91939 14.0941 -0.0112399 0.0844261 -0.0194013 0.996177
1403636917.7016665936 11.1687 -5.79735 14.2786 -0.00732129 0.129486 -0.000927467 0.991554
1403636919.0016665459 11.1277 -6.12805 14.6421 -0.00723942 0.144827 0.0349017 0.988815
1403636919.3516664505 11.1656 -6.4377 14.6849 0.00218403 0.161903 0.044232 0.985813
1403636919.8516664505 11.3516 -6.64496 14.6724 0.00351742 0.185611 0.0194883 0.982424
1403636920.7016665936 11.6675 -6.44183 14.408 -0.010481 0.184192 0.0123321 0.982757
1403636921.8516664505 11.8483 -6.28492 13.8336 -0.0358696 0.183503 0.0352501 0.981732
1403636922.5516664982 12.0177 -6.03504 13.6473 -0.0334757 0.223025 0.0292057 0.9738
1403636923.2516665459 12.1305 -5.89364 13.5808 0.0018271 0.267529 0.0600149 0.961677
1403636923.6516664028 12.2111 -5.70761 13.4977 -0.0429989 0.295651 0.0666944 0.951995
1403636924.7016665936 12.6399 -5.87071 13.902 -0.00535523 0.285047 0.0821881 0.954968
1403636925.2516665459 13.1065 -5.82191 14.1747 -0.00892649 0.313004 0.0687213 0.94722
1403636925.6516664028 13.4752 -5.65942 14.3783 -0.0566214 0.325004 0.0738446 0.941123
1403636926.0516664982 13.8918 -5.80042 14.7459 -0.019943 0.330037 0.0606694 0.941805
1403636926.5516664982 14.3672 -5.86303 15.2557 0.0163452 0.315348 0.0788508 0.945553
1403636927.1016664505 14.826 -5.91682 15.521 -0.00203429 0.353836 0.101784 0.92975
1403636927.3516664505 15.0895 -5.90426 15.5976 -0.00450245 0.405828 0.115088 0.906663
1403636927.6516664028 15.4102 -5.78721 15.6843 -0.0422455 0.436792 0.125384 0.889779
1403636928.1516664028 16.0932 -5.84895 15.9585 -0.0305489 0.445159 0.122659 0.886485
1403636928.5016665459 16.6333 -5.86023 16.2438 0.00538449 0.443444 0.112139 0.889243
1403636929.1016664505 17.4292 -6.07672 16.6292 0.0052316 0.44092 0.113152 0.89037
1403636929.7016665936 18.1581 -6.42158 16.8431 0.000550107 0.439145 0.106381 0.892096
1403636930.4516665936 18.8738 -6.6297 16.9453 0.000875499 0.437166 0.111492 0.892443
1403636931.1016664505 19.3863 -6.67447 16.8663 0.0182276 0.445696 0.137476 0.884377
1403636931.4016664028 19.6084 -6.64788 16.7125 0.0217164 0.475239 0.111474 0.872497
1403636931.9516665936 19.7503 -6.64537 16.3333 0.000825797 0.483 0.116592 0.867823
1403636932.6516664028 19.5541 -6.49156 15.9254 0.00951656 0.513082 0.110011 0.851207
1403636933.1016664505 19.1454 -6.57806 15.614 0.00674176 0.551638 0.138603 0.82246
1403636933.4516665936 18.7903 -6.44314 15.4718 -0.0255557 0.558682 0.170062 0.811357
1403636934.2516665459 18.1596 -6.25985 15.2092 0.00916852 0.601538 0.167351 0.781064
1403636934.5016665459 17.9647 -6.14692 15.1554 0.0190601 0.648333 0.196042 0.735437
1403636934.7516665459 17.7464 -6.04782 14.9735 0.0139134 0.689008 0.214236 0.692226
1403636935.6016664505 17.012 -6.21409 14.357 0.0162334 0.699043 0.212473 0.682591
1403636936.0516664982 16.6535 -6.01357 14.0891 -0.0149446 0.688208 0.234458 0.686423
1403636936.6516664028 16.4998 -5.72235 13.6405 0.00591035 0.700862 0.210248 0.681581
1403636937.4016664028 16.4395 -5.56491 13.1139 0.00378866 0.707896 0.211571 0.673875
1403636938.1016664505 16.4055 -5.16858 12.8049 0.00744285 0.725831 0.176503 0.664801
1403636938.7516665459 16.0343 -4.92608 12.702 0.0413488 0.720959 0.242386 0.647887
1403636939.2516665459 15.6084 -4.76858 12.28 0.0115264 0.728909 0.222762 0.647253
1403636939.9016664028 15.0082 -4.54621 11.6787 0.0263597 0.72683 0.205817 0.654723
1403636940.3016664982 14.5233 -4.28622 11.3393 0.0258228 0.738223 0.226515 0.634863
1403636940.6016664505 14.1237 -4.0524 11.0708 0.0219858 0.744006 0.235839 0.624782
1403636940.9016664028 13.7048 -3.90121 10.7487 -0.00028373 0.745795 0.241806 0.620741
1403636941.2016665936 13.3395 -3.8812 10.381 0.00355027 0.748527 0.232544 0.620982
1403636941.5516664982 12.9598 -3.81462 9.96587 0.00941635 0.746689 0.219276 0.627921
1403636941.8516664505 12.6314 -3.7201 9.65315 0.00665278 0.741806 0.221038 0.633105
1403636942.2016665936 12.2376 -3.69589 9.29553 0.0128481 0.738549 0.228327 0.634229
1403636942.5016665459 11.9137 -3.59525 8.98483 0.0219077 0.73858 0.235696 0.631242
1403636942.7516665459 11.6439 -3.44406 8.72089 0.0111335 0.739434 0.242559 0.627916
1403636943.0016665459 11.3986 -3.30135 8.42935 0.00901752 0.746101 0.23046 0.624612
1403636943.2516665459 11.165 -3.23674 8.11168 0.0129601 0.750269 0.224594 0.62168
1403636943.5016665459 10.9161 -3.12713 7.83492 0.0128367 0.755019 0.221136 0.617155
1403636943.7516665459 10.6671 -2.95509 7.58444 0.0119888 0.758114 0.21763 0.614619
1403636944.0016665459 10.4019 -2.72596 7.39611 -0.00108822 0.744431 0.231382 0.626325
1403636944.2016665936 10.2081 -2.54518 7.26095 -0.0212906 0.729091 0.246491 0.638134
1403636944.5516664982 10.0033 -2.40313 6.96684 -0.0083045 0.731066 0.214868 0.647538
1403636945.2016665936 9.7116 -2.42705 6.59821 0.00411016 0.719303 0.198463 0.665732
1403636945.8016664982 9.32801 -2.36031 6.52695 -0.0217424 0.714382 0.225129 0.662195
1403636946.5516664982 9.10853 -1.94666 6.76033 0.00252195 0.730699 0.204698 0.651285
1403636946.9516665936 8.97 -1.70548 6.96762 0.0344246 0.718686 0.247259 0.648975
1403636947.3016664982 8.83905 -1.46631 6.98505 -0.00827343 0.72101 0.247789 0.647052
1403636948.5016665459 9.36758 -1.14006 6.72604 -0.0361083 0.728079 0.20692 0.652519
1403636948.9016664028 9.7883 -1.10918 6.96451 -0.0101607 0.72469 0.198325 0.65984
1403636949.2016665936 10.0834 -1.16767 7.22729 0.0140217 0.718147 0.205274 0.664779
1403636949.5016665459 10.3217 -1.14103 7.51543 0.0207032 0.715018 0.208914 0.66684
1403636949.8516664505 10.521 -1.13688 7.77621 0.00711234 0.709066 0.225495 0.668077
1403636950.4016664028 10.8737 -1.22399 8.0169 -0.0106035 0.711621 0.224397 0.66568
1403636950.8016664982 11.2373 -1.22664 8.20262 -0.00242518 0.71779 0.20231 0.666215
1403636951.1516664028 11.5106 -1.37592 8.39093 0.0126889 0.710777 0.217201 0.668924
1403636951.5016665459 11.7817 -1.44528 8.56437 -0.0137984 0.706607 0.232476 0.668185
1403636951.8516664505 12.1317 -1.47526 8.7416 -0.012565 0.713285 0.214526 0.667117
1403636952.1016664505 12.4125 -1.56418 8.8691 -0.0123736 0.717868 0.202792 0.665874
1403636952.3516664505 12.6959 -1.59779 9.04908 0.0101606 0.715823 0.207077 0.666793
1403636952.6016664505 12.9645 -1.56936 9.24035 0.0102702 0.71689 0.201211 0.667441
1403636952.9016664028 13.2219 -1.55093 9.47033 -0.000334707 0.713752 0.21036 0.668062
1403636953.1516664028 13.4185 -1.53087 9.67701 0.00459873 0.706997 0.232955 0.667732
1403636953.4516665936 13.6993 -1.45051 9.87119 0.000335553 0.709033 0.224525 0.668476
1403636953.7516665459 13.9926 -1.46755 10.0108 -0.0173134 0.711093 0.211469 0.670319
1403636954.0016665459 14.2573 -1.59034 10.1373 -0.0179185 0.709642 0.209364 0.672498
1403636954.2016665936 14.4803 -1.69816 10.2666 -0.0136227 0.708895 0.210947 0.672892
1403636954.4016664028 14.7285 -1.8042 10.404 -0.0172657 0.707823 0.217073 0.671988
1403636954.6016664505 14.9982 -1.91377 10.542 -0.0189275 0.709734 0.218658 0.669409
1403636954.8016664982 15.2837 -1.97218 10.7193 -0.00954622 0.716458 0.212389 0.664445
1403636955.0016665459 15.5664 -1.98884 10.9398 -0.000338263 0.723749 0.207982 0.657975
1403636955.2016665936 15.8586 -1.976 11.1544 -0.00466814 0.729303 0.207983 0.651797
1403636955.4016664028 16.1317 -2.03624 11.3638 -0.00269886 0.734857 0.209286 0.645118
1403636955.6016664505 16.3836 -2.10625 11.5981 -0.00410175 0.73881 0.210347 0.640232
1403636955.8516664505 16.6919 -2.16593 11.9116 -0.00411388 0.740873 0.212373 0.637171
1403636956.0516664982 16.9219 -2.28187 12.1622 0.0151852 0.737405 0.227914 0.635656
1403636956.3016664982 17.2058 -2.46342 12.4036 0.022713 0.736371 0.237357 0.633169
1403636956.6016664505 17.4943 -2.52811 12.6954 0.00929443 0.740012 0.211827 0.638299
1403636956.8016664982 17.6689 -2.53297 12.903 0.0294308 0.711673 0.217154 0.667457
1403636957.0016665459 17.7845 -2.57803 13.0825 0.021103 0.673681 0.204907 0.709734
1403636957.2016665936 17.887 -2.6728 13.2059 0.00455966 0.63528 0.177157 0.751674
1403636957.4516665936 17.9755 -2.77644 13.3648 0.000563269 0.6027 0.16456 0.780815
1403636957.8016664982 18.109 -2.79382 13.5828 0.00471918 0.563154 0.161365 0.81043
1403636958.0016665459 18.1667 -2.77197 13.7142 0.00357785 0.512083 0.149196 0.845871
1403636958.2016665936 18.2127 -2.77812 13.8195 -0.00167104 0.461671 0.131628 0.877229
1403636958.5516664982 18.3216 -2.90521 13.8989 -0.0109093 0.41103 0.104782 0.905515
1403636959.8016664982 18.8404 -2.81326 14.4671 -0.00837018 0.423546 0.101703 0.900108
1403636960.6516664028 18.9562 -2.95374 14.9736 -0.00878188 0.422734 0.0724441 0.903311
1403636960.9516665936 18.8902 -2.91354 15.2344 -0.00718668 0.384434 0.0875011 0.918968
1403636961.1516664028 18.815 -2.90674 15.4064 -0.00647399 0.337169 0.0718345 0.938677
1403636961.3516664505 18.7292 -2.94273 15.5451 -0.00788641 0.289318 0.0535608 0.955701
1403636961.6516664028 18.6215 -3.13303 15.6855 -0.00921939 0.240048 0.0396513 0.969907
1403636961.9016664028 18.5075 -3.31807 15.7741 -0.0100674 0.195807 0.0208174 0.98037
1403636962.1516664028 18.3732 -3.41268 15.8732 -0.0112715 0.142462 0.00284873 0.989732
1403636962.4016664028 18.2313 -3.56882 15.9361 -0.0104787 0.0838498 -0.0197264 0.996228
1403636962.6016664505 18.101 -3.75208 15.9632 -0.0134234 0.0380124 -0.0472512 0.998069
1403636962.8516664505 17.9206 -3.90114 15.9946 -0.0119746 -0.000753852 -0.0777486 0.996901
1403636963.1516664028 17.6301 -3.99936 16.0415 0.00541214 -0.018078 -0.0622321 0.997883
1403636963.5516664982 17.239 -3.97958 16.0276 -0.00821264 -0.00985247 -0.046781 0.998823
1403636964.0016665459 16.7744 -4.05403 15.9098 -0.00716705 0.00570996 -0.0480819 0.998801
1403636964.3516664505 16.3836 -4.18466 15.7333 -0.00382938 0.00609845 -0.0526037 0.99859
1403636964.7016665936 15.9663 -4.17533 15.5366 -0.00342979 -0.00848446 -0.0743788 0.997188
1403636964.9016664028 15.6775 -4.08076 15.4196 0.00173436 -0.0443069 -0.0878362 0.995148
1403636965.1016664505 15.3658 -4.05608 15.2388 0.00302933 -0.0934815 -0.0977327 0.990808
1403636965.3016664982 15.0235 -4.05551 15.0191 -0.0226039 -0.122652 -0.106972 0.986409
1403636965.5016665459 14.6621 -4.10991 14.7984 -0.0617373 -0.132996 -0.108067 0.983271
1403636965.7016665936 14.2655 -4.25363 14.6075 -0.0320408 -0.142767 -0.0805791 0.98595
1403636965.9016664028 13.8904 -4.39095 14.4543 -0.0106605 -0.1382 -0.0819367 0.986952
1403636966.2516665459 13.3003 -4.48789 14.2319 -0.00253585 -0.127755 -0.0949403 0.987248
1403636966.5016665459 12.8665 -4.43079 14.0407 -0.00348947 -0.133526 -0.0626815 0.989055
1403636966.9516665936 12.2674 -4.23225 13.6795 -0.000443011 -0.122266 -0.0687053 0.990116
1403636967.4016664028 11.7921 -4.04604 13.2284 0.00171374 -0.113252 -0.0815105 0.990216
1403636967.8516664505 11.375 -3.81206 12.667 0.00429149 -0.10955 -0.0832267 0.990482
1403636968.2016665936 11.064 -3.39566 12.2221 0.00524178 -0.112058 -0.0780656 0.990617
1403636968.6016664505 10.7296 -3.00291 11.5813 0.00183954 -0.110971 -0.0794622 0.99064
1403636969.0516664982 10.3472 -2.69703 10.7193 0.00242101 -0.108725 -0.0825484 0.990636
1403636969.4016664028 10.046 -2.59613 9.95279 -0.0270214 -0.107877 -0.0800039 0.990571
1403636969.9016664028 9.58955 -2.4387 8.99682 -0.0336742 -0.103323 -0.0807057 0.990796
1403636970.3016664982 9.19573 -2.17894 8.40415 -0.00771642 -0.106238 -0.0786715 0.991194
1403636970.5516664982 8.94877 -2.03459 8.04832 -0.0309141 -0.105895 -0.0803416 0.990644
1403636970.7516665459 8.75315 -1.95257 7.77118 -0.0457021 -0.10705 -0.0830002 0.989729
1403636971.0016665459 8.48147 -1.89287 7.4984 -0.0621172 -0.109323 -0.0813703 0.988721
1403636971.2016665936 8.2562 -1.82034 7.3646 -0.0468661 -0.118435 -0.0561298 0.990266
1403636971.4516665936 8.02063 -1.7296 7.26909 -0.0331169 -0.126158 -0.0345332 0.990856
1403636971.8016664982 7.84865 -1.51611 7.25582 -0.00977023 -0.119409 -0.0638705 0.99074
1403636972.2516665459 7.74775 -1.30809 7.17921 -0.0167489 -0.121355 -0.0622935 0.990511
1403636973.4016664028 7.79352 -1.2869 6.92195 -0.0232324 -0.0704114 -0.0623347 0.995297
1403636974.1016664505 7.80637 -1.03061 6.92869 -0.01657 -0.0549194 -0.0537852 0.996903
1403636974.4016664028 7.83457 -0.974289 6.91218 -0.0197152 0.0120355 -0.036252 0.999076
1403636974.6016664505 7.85111 -0.895107 6.93211 -0.0115571 0.072692 -0.0182662 0.99712
1403636974.8016664982 7.86062 -0.81433 6.94337 -0.0182303 0.127993 0.00549534 0.991592
1403636975.1016664505 7.89576 -0.786564 6.92493 -0.0265719 0.18963 0.0454189 0.980445
1403636976.0016665459 8.02403 -0.811698 7.02306 -0.0256687 0.238873 0.0437441 0.969725
1403636976.3016664982 8.09118 -0.828755 7.09023 0.0053443 0.289699 0.0931091 0.952563
1403636976.5516664982 8.2119 -0.756169 7.10371 0.00542872 0.352718 0.106826 0.929596
1403636976.8516664505 8.35837 -0.588146 7.1374 -0.00788002 0.392288 0.105261 0.913766
1403636977.6516664028 8.88022 -0.367342 7.12824 0.00208865 0.384282 0.100991 0.917673
1403636978.1516664028 9.30416 -0.143152 7.08189 -0.000352358 0.396434 0.108241 0.91166
1403636978.6016664505 9.68418 -0.14195 6.934 -0.0324119 0.401185 0.112464 0.908489
1403636979.1016664505 10.2068 -0.116965 6.97948 -0.0103926 0.406666 0.100765 0.907943
1403636979.7016665936 10.8333 -0.0563932 7.22918 -0.0380239 0.405484 0.109774 0.90669
1403636980.0016665459 11.1873 -0.198742 7.41824 -0.0223286 0.413306 0.10278 0.904497
1403636980.3516664505 11.5993 -0.28113 7.7292 -0.00982327 0.41794 0.103032 0.90256
1403636980.8016664982 12.0658 -0.284035 8.16019 0.00195657 0.414036 0.104989 0.904183
1403636981.2516665459 12.4416 -0.378232 8.52064 -0.00128072 0.409752 0.112576 0.905223
1403636981.8016664982 12.8858 -0.388277 8.91673 -0.0222082 0.424593 0.103252 0.899204
1403636982.1516664028 13.1588 -0.535877 9.17808 -0.0489684 0.424473 0.122975 0.895713
1403636982.4516665936 13.4833 -0.655516 9.5074 -0.0232133 0.421377 0.13059 0.897134
1403636982.7016665936 13.802 -0.782397 9.78025 -0.00752528 0.419212 0.124508 0.899279
1403636982.9516665936 14.145 -0.917754 10.0314 -0.0197083 0.418115 0.119126 0.900334
1403636983.2016665936 14.5145 -0.986303 10.2967 -0.0102274 0.421222 0.107704 0.900482
1403636983.4516665936 14.8701 -1.01556 10.5739 -0.00761113 0.424719 0.101724 0.89956
1403636983.8016664982 15.3288 -1.10266 10.9787 -0.0249896 0.429054 0.105751 0.896719
1403636984.0516664982 15.646 -1.27909 11.255 -0.0334429 0.431001 0.111261 0.894841
1403636984.3016664982 15.973 -1.46446 11.5823 -0.0239262 0.436229 0.10711 0.893118
1403636984.5516664982 16.296 -1.56094 11.9573 -0.0147579 0.439923 0.103593 0.891919
1403636984.8516664505 16.6505 -1.69705 12.4386 -0.00905116 0.437993 0.106925 0.892551
1403636985.1516664028 16.9718 -1.91826 12.8798 -0.0099059 0.43784 0.109077 0.892357
1403636985.5016665459 17.3106 -2.03437 13.4246 -0.0145623 0.430365 0.0968743 0.897323
1403636985.8016664982 17.5351 -2.24583 13.888 -0.0118906 0.415065 0.0780312 0.906361
1403636986.0016665459 17.6791 -2.40412 14.1938 0.0235332 0.410382 0.0614086 0.909539
1403636986.3516664505 17.6898 -2.47539 14.7603 -0.007383 0.405942 0.0734107 0.910916
1403636986.6516664028 17.6119 -2.5496 15.2398 -0.00727404 0.39784 0.0958024 0.91241
1403636987.0016665459 17.5134 -2.81509 15.6861 -0.00124908 0.39516 0.103596 0.912751
1403636987.4016664028 17.3971 -3.14892 16.1047 0.00436275 0.401409 0.0954878 0.910897
1403636987.8016664982 17.2197 -3.32011 16.4765 0.0159804 0.393116 0.0802188 0.915844
1403636988.2016665936 16.9143 -3.49358 16.7145 0.0100407 0.379338 0.110889 0.918535
1403636988.9516665936 16.3959 -3.65409 16.6014 0.0489363 0.381064 0.105072 0.917254
1403636989.4516665936 15.9982 -3.48566 15.9844 0.0160344 0.389203 0.0988415 0.915693
1403636989.8516664505 15.6265 -3.38511 15.2936 -0.00406938 0.394381 0.0911343 0.914408
1403636990.4516665936 15.0222 -3.21132 14.2307 0.000351471 0.391538 0.0862138 0.916114
1403636991.0016665459 14.3853 -2.93828 13.3574 -0.00952751 0.385813 0.0869102 0.918425
1403636991.5516664982 13.7609 -2.63237 12.631 -0.0111735 0.390129 0.0893977 0.916342
1403636992.2016665936 13.1332 -2.57912 11.7985 -0.00105712 0.401697 0.0976271 0.910553
1403636992.8516664505 12.5856 -2.40392 11.0576 -0.0171041 0.413895 0.0971491 0.904964
1403636993.4516665936 12.066 -2.31302 10.5581 0.00296127 0.374326 0.0889144 0.92302
1403636993.8016664982 11.7284 -2.37335 10.2364 -0.00484388 0.320946 0.0705041 0.944457
1403636994.5016665459 11.0174 -2.17202 9.62525 0.0254112 0.308814 0.0484131 0.94955
1403636994.8516664505 10.5387 -2.06218 9.20464 0.00307394 0.300393 0.0829625 0.950196
1403636995.5516664982 9.65532 -1.86031 8.20396 0.00252376 0.303488 0.0635013 0.950714
1403636996.1016664505 8.9719 -1.74454 7.31361 -0.00539155 0.299438 0.080523 0.950697
1403636996.6516664028 8.40118 -1.68015 6.45499 -0.0137371 0.268948 0.0533859 0.961576
1403636996.9016664028 8.15097 -1.62909 6.09121 -0.0193464 0.217157 0.0376655 0.975218
1403636997.1016664505 7.95566 -1.51909 5.86668 -0.0224859 0.173217 0.0241078 0.984332
1403636997.4016664028 7.71495 -1.33138 5.53863 -0.0266154 0.140735 0.0123034 0.989613
1403636998.2516665459 7.16661 -1.50139 4.86404 -0.0291296 0.15058 0.0147488 0.988058
1403636998.8016664982 6.92727 -1.77809 4.63381 -0.000257614 0.158019 0.00799406 0.987404
1403636999.8516664505 6.25745 -1.89543 4.2514 0.00206873 0.163202 0.00852484 0.986554
1403637000.5016665459 5.66279 -1.80974 3.87895 -0.00551298 0.164996 0.00334026 0.986273
1403637001.1016664505 4.98488 -1.7311 3.46658 -0.00134639 0.166336 0.00833137 0.986033
1403637001.6016664505 4.38304 -1.69696 3.02214 -0.0101021 0.167332 0.0167439 0.985707
1403637002.1516664028 3.77443 -1.52639 2.51625 -0.013839 0.169988 0.0180677 0.985183
1403637002.7016665936 3.19607 -1.3487 2.08917 -0.0162499 0.174621 0.0080079 0.984469
1403637003.2016665936 2.66663 -1.20281 1.70617 -0.0142593 0.177601 0.0164603 0.983862
1403637003.7016665936 2.13282 -1.06918 1.35638 -0.00879251 0.180658 0.0214371 0.983273
1403637004.1016664505 1.73375 -0.955874 1.06571 -0.0211896 0.177509 0.0165162 0.983752
1403637004.4016664028 1.44716 -0.850443 0.888812 -0.0212278 0.174007 0.0185775 0.98434
1403637004.7516665459 1.11858 -0.931244 0.646822 -0.00691139 0.174904 0.0382314 0.983819
1403637005.1016664505 0.882879 -0.819734 0.451639 -0.0191328 0.182141 0.038635 0.982327
1403637005.4016664028 0.754046 -0.634885 0.325995 -0.0233387 0.186656 0.0255117 0.981817
1403637005.6516664028 0.648783 -0.509801 0.237127 -0.0201353 0.181825 0.0228614 0.982859
1403637006.0516664982 0.489714 -0.507206 0.0801404 -0.0173277 0.178914 0.0221275 0.983463
1403637006.4016664028 0.373924 -0.486031 -0.0176053 -0.0338934 0.174965 0.0317277 0.983479
1403637006.8016664982 0.311304 -0.444827 -0.0497894 -0.0138193 0.14859 0.0217262 0.988564
1403637007.0516664982 0.300714 -0.393926 -0.058011 -0.0172473 0.0997524 -0.00160156 0.994862
1403637007.3516664505 0.305131 -0.332172 -0.0636578 -0.00380041 0.0671877 -0.0275027 0.997354
1403637007.6016664505 0.292523 -0.265308 -0.0877247 -0.0135061 0.060757 -0.0292454 0.997633
1403637007.8016664982 0.268683 -0.201839 -0.110708 -0.034178 0.0630804 -0.0279217 0.997032
1403637008.0516664982 0.224653 -0.158998 -0.120244 -0.0111018 0.0637226 -0.0151904 0.99779
1403637008.2516665459 0.192459 -0.120636 -0.135666 -0.0387069 0.070853 -0.0173522 0.996584
1403637008.5516664982 0.137872 -0.135599 -0.125816 -0.0236627 0.0758429 -0.0141329 0.996739
1403637008.8016664982 0.0940365 -0.146685 -0.0945851 -0.0194083 0.0717953 0.0105876 0.997174
1403637009.1016664505 0.114797 -0.0968263 -0.0382809 -0.0256381 0.0769977 0.0058691 0.996684
1403637009.3016664982 0.173271 -0.0393477 0.0150171 -0.0265385 0.0889166 -0.0251741 0.995367
1403637009.5016665459 0.211081 -0.0173713 0.0304653 -0.00493639 0.0581952 -0.0238025 0.998009
1403637009.8016664982 0.230582 -0.00571913 0.0109032 0.0252114 0.0495537 0.0139256 0.998356
