1403637130.5383191109 0 0 0 -0 -0 -0 1
1403637133.8883190155 0.104806 -0.444779 -0.159028 -0.0283887 0.0302382 0.000423076 0.999139
1403637134.0883190632 0.085197 -1.03333 -0.311153 -0.0313721 0.0452866 -0.00261383 0.998478
1403637134.2883191109 0.0539458 -1.64283 -0.4596 -0.0140652 0.0643954 -0.0158729 0.997699
1403637134.4883189201 0.0355326 -1.97302 -0.527954 0.0140191 0.0683893 -0.00924447 0.997517
1403637134.7383189201 0.110378 -1.5149 -0.364166 -0.0121592 0.0704664 -0.00870495 0.997402
1403637134.9383189678 0.168596 -0.794186 -0.191432 -0.0615186 0.0611276 0.000532928 0.996232
1403637135.1383190155 0.191391 -0.336065 -0.11208 -0.0761189 0.0561081 0.00841068 0.995483
1403637135.3883190155 0.195882 -0.58182 -0.189565 -0.092947 0.060782 0.0021521 0.993812
1403637135.5883190632 0.172593 -1.39248 -0.354188 -0.0486895 0.0724486 -0.0135276 0.996091
1403637135.7883191109 0.136425 -2.13284 -0.50249 -0.00895591 0.0790474 -0.00858354 0.996794
1403637136.1883189678 0.165251 -1.69308 -0.32239 -0.026138 0.0796239 -0.00686163 0.996459
1403637136.3883190155 0.186291 -0.892297 -0.124324 -0.0745634 0.0779784 -0.00210301 0.994161
1403637136.5883190632 0.195301 -0.439884 -0.0758986 -0.108263 0.0691102 0.0113611 0.991652
1403637136.7883191109 0.183395 -0.756442 -0.175686 -0.109114 0.068355 0.00773824 0.991646
1403637136.9883189201 0.164715 -1.66202 -0.385297 -0.0665401 0.0783775 0.000732807 0.9947
1403637137.1883189678 0.146677 -2.38985 -0.548308 -0.0186958 0.087865 0.0119791 0.995885
1403637137.5883190632 0.1952 -1.6608 -0.315195 -0.0258582 0.0845163 -0.00166185 0.996085
1403637137.7883191109 0.207001 -0.822336 -0.118081 -0.0789034 0.0845643 -0.000849556 0.993289
1403637137.9883189201 0.211789 -0.394343 -0.0994023 -0.112067 0.0748676 0.000793403 0.990876
1403637138.1883189678 0.227762 -0.840691 -0.211854 -0.113858 0.0684352 -0.00204378 0.991135
1403637138.3883190155 0.225407 -1.78041 -0.406505 -0.0506605 0.08404 -0.0198645 0.994975
1403637138.5883190632 0.201617 -2.36149 -0.538997 -0.00118522 0.0992141 -0.0192868 0.994878
1403637138.8883190155 0.246728 -1.80834 -0.315197 -0.0185853 0.0967588 -0.00809346 0.995101
1403637139.0883190632 0.272276 -0.980227 -0.0556804 -0.0439622 0.0772865 0.00700825 0.996015
1403637139.2883191109 0.251548 -0.385201 0.10721 -0.0565482 0.0634511 0.0126865 0.996301
1403637139.4883189201 0.246325 -0.183335 0.190386 -0.0564346 0.0503986 0.00459211 0.997123
1403637139.7883191109 0.233026 -0.0759861 0.242407 -0.0428689 0.0399768 -0.00083273 0.99828
1403637149.9883189201 0.349356 -0.044379 0.155089 -0.0570793 0.0330489 0.000164531 0.997822
1403637150.1883189678 0.504251 -0.177963 0.149512 -0.0825347 0.0463665 -0.0205695 0.995296
1403637150.3883190155 0.672655 -0.492756 0.259628 -0.0645665 0.0560932 -0.0199918 0.996135
1403637150.5883190632 0.843939 -0.852555 0.442142 -0.0489912 0.0627341 -0.0165551 0.99669
1403637150.7883191109 1.01663 -1.16779 0.672574 -0.0460609 0.0671496 -0.0168516 0.996537
1403637150.9883189201 1.17328 -1.46471 0.908172 -0.0326402 0.0691373 -0.0191565 0.996889
1403637151.1883189678 1.30134 -1.67583 1.1281 -0.0203646 0.0672575 -0.0217415 0.997291
1403637151.4383189678 1.41206 -2.01694 1.28377 -0.0380178 0.0588668 -0.00569988 0.997525
1403637151.6883189678 1.56853 -2.45232 1.35875 -0.0415435 0.0590473 -0.0145867 0.997284
1403637152.1383190155 1.89188 -2.92836 1.63851 -0.0441472 0.0573714 -0.0166772 0.997237
1403637152.7383189201 2.4139 -3.27048 2.15498 -0.0446658 0.0560131 -0.0143647 0.997327
1403637153.1383190155 2.83956 -3.56489 2.53924 -0.036651 0.0554795 -0.015924 0.99766
1403637153.6883189678 3.44044 -3.90132 2.99021 -0.0463221 0.0582505 -0.0220153 0.996984
1403637154.3383190632 3.991 -4.21677 3.6062 -0.0605609 0.0495536 0.0112285 0.99687
1403637154.7383189201 4.62822 -4.05619 4.23408 -0.0565127 0.0685985 -0.0213371 0.995814
1403637155.0383191109 5.1359 -4.14045 4.78266 -0.0658162 0.100756 -0.0104972 0.992676
1403637155.2883191109 5.48879 -4.46073 5.35126 -0.0456618 0.127724 0.00206954 0.990756
1403637155.5883190632 5.94583 -4.87509 6.02844 -0.0292098 0.16125 0.0200025 0.986278
1403637155.9383189678 6.5126 -4.97219 6.84824 -0.0324271 0.210192 0.0543765 0.975608
1403637156.1883189678 7.05946 -4.91328 7.26516 -0.023083 0.265921 0.0796184 0.960424
1403637156.3883190155 7.64659 -4.84106 7.56821 -0.0177276 0.315619 0.100921 0.943337
1403637156.5883190632 8.27877 -4.74692 7.736 -0.0138777 0.366962 0.116165 0.92285
1403637156.7883191109 8.99483 -4.54391 7.88868 -0.0142371 0.415244 0.122395 0.901326
1403637157.0883190632 10.0568 -4.03926 7.93066 -0.0359414 0.444876 0.123495 0.886308
1403637157.6883189678 12.5019 -3.61421 7.78265 -0.024938 0.425726 0.14757 0.892389
1403637158.0383191109 14.3135 -3.67167 7.31108 -0.0157052 0.429696 0.122257 0.894521
1403637158.3883190155 16.1739 -3.75167 6.58494 -0.0143136 0.44226 0.117712 0.889013
1403637158.5883190632 17.1897 -3.71696 6.16145 -0.00476246 0.469948 0.136039 0.872135
1403637158.7883191109 18.2801 -3.60028 5.61983 -0.000538854 0.50565 0.155485 0.848612
1403637158.9883189201 19.2987 -3.36541 4.98094 -0.0143114 0.529589 0.157899 0.833306
1403637159.2383189201 20.5396 -3.18418 4.12507 -0.0132611 0.535802 0.164556 0.828047
1403637159.4883189201 21.8381 -2.86464 3.24055 -0.00980409 0.530111 0.168912 0.830876
1403637159.6883189678 22.9183 -2.52611 2.45563 -0.0234244 0.529918 0.155651 0.833314
1403637159.8883190155 23.9949 -2.28184 1.69391 -0.0271646 0.535022 0.147208 0.83147
1403637160.0883190632 25.1354 -2.07947 0.886482 -0.0202698 0.560883 0.158094 0.812407
1403637160.2883191109 26.2607 -1.81212 0.100946 -0.00835871 0.600942 0.170461 0.78086
1403637160.4883189201 27.3809 -1.44864 -0.695552 -0.0101453 0.649541 0.183699 0.737731
1403637160.6883189678 28.4835 -0.962321 -1.45707 -0.0191065 0.695098 0.196829 0.691181
1403637160.8883190155 29.5683 -0.626059 -2.13265 -0.0272445 0.716695 0.209346 0.664665
1403637161.1383190155 30.898 -0.493028 -3.00774 -0.016927 0.719449 0.228661 0.655607
1403637161.3383190632 32.0237 -0.617556 -3.80199 0.0160017 0.714235 0.242266 0.656444
1403637161.5383191109 33.1085 -0.785941 -4.76496 0.00643287 0.721949 0.235676 0.650542
1403637161.7383189201 34.1888 -0.887208 -5.85779 0.00730258 0.739813 0.228703 0.632707
1403637161.9383189678 35.2044 -0.907598 -7.00287 0.0232413 0.761325 0.195781 0.617669
1403637162.1383190155 36.038 -0.826973 -8.08601 0.036852 0.771522 0.180004 0.609093
1403637162.4383189678 36.8677 -0.405475 -9.56214 0.046306 0.760299 0.214902 0.611243
1403637162.6883189678 37.1739 -0.0584404 -10.9394 0.0283674 0.759757 0.216159 0.612568
1403637162.8883190155 37.3008 0.272094 -12.1367 0.0502406 0.779662 0.200593 0.591071
1403637163.0883190632 37.1971 0.703127 -13.3387 0.0406202 0.813997 0.200844 0.543526
1403637163.2883191109 36.9037 1.20385 -14.535 0.0332956 0.852364 0.206413 0.479334
1403637163.4883189201 36.3774 1.73423 -15.5526 0.0426537 0.876939 0.226937 0.421495
1403637163.6883189678 35.6679 2.22018 -16.4698 0.0475023 0.881322 0.265897 0.387703
1403637163.8883190155 34.7936 2.53265 -17.449 0.0570376 0.878627 0.2904 0.374738
1403637164.0883190632 33.7684 2.70553 -18.602 0.0656293 0.880497 0.286021 0.372304
1403637164.2883191109 32.5355 2.78567 -19.9332 0.0535716 0.883665 0.272209 0.377052
1403637164.4883189201 31.2054 2.8996 -21.2915 0.0398195 0.880441 0.274788 0.384355
1403637164.6883189678 29.7733 3.21109 -22.6762 0.0482463 0.873627 0.282273 0.393409
1403637164.8883190155 28.2685 3.68371 -24.1489 0.0275247 0.882501 0.261588 0.389881
1403637165.0883190632 26.7262 4.23203 -25.5893 0.0225333 0.894628 0.255908 0.365573
1403637165.2883191109 25.1928 4.80062 -26.9977 0.0206428 0.911419 0.254325 0.322812
1403637165.4883189201 23.5936 5.23295 -28.3113 0.013308 0.916863 0.279166 0.285047
1403637165.6883189678 22.0437 5.4838 -29.565 -0.00655079 0.922616 0.283328 0.261652
1403637165.8883190155 20.6805 5.77938 -30.7737 -0.0357171 0.926679 0.2767 0.251848
1403637166.0883190632 19.4338 6.18114 -31.8242 -0.0569441 0.923725 0.268573 0.267128
1403637166.3383190632 18.3239 6.89813 -32.8501 -0.0498714 0.923695 0.247573 0.28811
1403637166.5383191109 17.673 7.3473 -33.4327 -0.0243645 0.927374 0.209332 0.309133
1403637166.7883191109 16.9322 7.66893 -33.7233 -0.0532325 0.91158 0.249419 0.322458
1403637167.4883189201 17.0957 7.59128 -32.314 -0.0834324 0.912919 0.223728 0.331005
1403637167.6883189678 17.8156 7.30823 -31.1137 -0.0227528 0.904224 0.261581 0.336803
1403637167.8883190155 18.6178 7.10124 -29.8548 -0.0156328 0.891626 0.279635 0.355757
1403637168.0883190632 19.4441 6.83871 -28.6553 -0.0327594 0.884647 0.276631 0.3739
1403637168.2883191109 20.3995 6.71621 -27.5114 -0.0232942 0.881547 0.273004 0.38445
1403637168.4883189201 21.3779 6.87531 -26.3141 -0.0137366 0.888362 0.24449 0.388393
1403637168.6883189678 22.3543 7.06735 -25.0688 -0.0099079 0.885871 0.251381 0.389797
1403637168.8883190155 23.3161 6.99059 -23.8554 -0.0188722 0.884438 0.258609 0.387988
1403637169.0883190632 24.2961 7.00616 -22.6187 -0.0342916 0.886426 0.254053 0.385396
1403637169.2883191109 25.3644 6.89706 -21.3468 -0.0355792 0.881067 0.241024 0.405416
1403637169.4883189201 26.4694 6.58725 -19.9896 -0.029891 0.863047 0.225761 0.450875
1403637169.6883189678 27.6061 6.06173 -18.556 -0.033283 0.83586 0.199069 0.510491
1403637169.8883190155 28.6864 5.59014 -16.9472 -0.0363252 0.802538 0.180723 0.567409
1403637170.0883190632 29.7093 5.2304 -15.1994 -0.0416618 0.772407 0.161059 0.612953
1403637170.2883191109 30.6509 4.91291 -13.1532 -0.0420166 0.742037 0.142218 0.65375
1403637170.4883189201 31.5099 4.63675 -10.8863 -0.00989791 0.701259 0.134809 0.699975
1403637170.6883189678 32.3223 4.4693 -8.56168 0.0322237 0.655989 0.116841 0.744975
1403637170.8883190155 32.6262 4.46121 -6.5577 0.0368072 0.599313 0.102129 0.793119
1403637171.0883190632 32.6195 4.15538 -4.71857 0.0225051 0.535088 0.099979 0.838557
1403637171.2883191109 32.3438 3.81752 -2.96571 0.0206031 0.491299 0.0928539 0.865782
1403637171.4883189201 31.9077 3.35542 -1.43527 0.0156322 0.477749 0.0704921 0.875524
1403637171.6883189678 31.2231 2.90435 -0.0818748 0.00839098 0.477578 0.0592658 0.876548
1403637171.8883190155 30.3504 2.58378 1.24659 0.00862615 0.486734 0.0518295 0.871969
1403637172.0883190632 29.232 2.39511 2.54345 0.0123034 0.495403 0.050351 0.867115
1403637172.2883191109 27.8309 2.24533 3.78475 0.0116243 0.489738 0.0902078 0.867113
1403637172.4883189201 26.2803 2.00081 4.8656 0.0112533 0.482202 0.13306 0.865823
1403637172.6883189678 24.7425 1.65815 5.684 0.0137624 0.481258 0.151721 0.86324
1403637172.8883190155 23.2777 1.28169 6.24233 -0.00775699 0.488292 0.176112 0.85469
1403637173.0883190632 22.0161 1.12334 6.67037 -0.0431354 0.501229 0.20799 0.838838
1403637173.3383190632 20.9075 1.26749 7.11252 -0.0358438 0.54404 0.22674 0.807047
1403637173.5883190632 20.2399 1.48529 7.31555 -0.0111768 0.595833 0.237935 0.766972
1403637173.8383190632 20.0052 1.93931 7.25288 0.000479074 0.627339 0.281601 0.726049
1403637174.0383191109 20.0898 2.33904 6.85842 -0.0268999 0.654853 0.274536 0.703614
1403637174.2383189201 20.4641 2.46845 6.16252 -0.0029486 0.685468 0.210362 0.697046
1403637174.4383189678 20.8621 2.43601 5.34618 0.0258033 0.686046 0.208062 0.696696
1403637174.6383190155 21.1709 2.32086 4.35807 0.0426469 0.694098 0.219255 0.684351
1403637174.8383190632 21.3462 2.35535 3.20801 0.0343173 0.733312 0.204962 0.647353
1403637175.0383191109 21.4522 2.48361 1.98751 0.0247997 0.762969 0.23104 0.603228
1403637175.2383189201 21.4648 2.73293 0.739145 0.0456591 0.786763 0.223694 0.573481
1403637175.4383189678 21.3103 3.06146 -0.535393 0.0624005 0.799929 0.209657 0.558805
1403637175.6383190155 20.8912 3.48202 -1.8157 0.0576252 0.792756 0.238134 0.558131
1403637175.8383190632 20.2731 3.8797 -3.23267 0.0448956 0.788633 0.247036 0.561263
1403637176.0383191109 19.5294 4.16366 -4.82496 0.035584 0.793806 0.223948 0.564317
1403637176.2383189201 18.6882 4.37229 -6.46106 0.0411185 0.79651 0.202633 0.568173
1403637176.4383189678 17.662 4.68111 -8.04049 0.0390567 0.799637 0.203419 0.563627
1403637176.6383190155 16.4835 5.09472 -9.57719 0.0278681 0.80742 0.218956 0.547134
1403637176.8383190632 15.231 5.62455 -11.0756 0.0212587 0.813345 0.237464 0.530687
1403637177.0383191109 13.9701 6.20706 -12.4929 0.00460852 0.812142 0.260111 0.522251
1403637177.2383189201 12.8027 6.86843 -13.8987 -0.0191656 0.80307 0.294443 0.517701
1403637177.4383189678 11.8087 7.62853 -15.4815 -0.0329778 0.800155 0.302231 0.517031
1403637177.6383190155 11.1338 8.44799 -17.1201 -0.0599346 0.80946 0.284176 0.51032
1403637177.8383190632 10.791 9.05542 -18.7476 -0.0623351 0.821763 0.262804 0.501751
1403637178.0383191109 10.7619 9.67593 -20.3427 -0.0638478 0.840021 0.261917 0.470836
1403637178.2383189201 10.9543 10.2977 -21.7789 -0.0852576 0.862252 0.248599 0.432957
1403637178.4383189678 11.4907 10.6415 -22.9239 -0.0989855 0.877686 0.224675 0.41157
1403637178.6883189678 12.6161 10.806 -23.962 -0.0778992 0.881792 0.227229 0.405885
1403637178.8883190155 13.7385 10.8545 -24.4142 -0.0313111 0.883925 0.224472 0.409033
1403637179.1883189678 15.4481 11.0535 -24.7312 -0.00935835 0.879683 0.233163 0.414374
1403637179.4883189201 17.0508 10.9439 -24.7267 -0.0234505 0.875999 0.239823 0.417805
1403637179.7383189201 18.3838 10.6976 -24.5429 -0.0248501 0.878202 0.234647 0.416034
1403637179.9883189201 19.7872 11.0999 -24.0306 -0.0510666 0.885164 0.212421 0.410797
1403637180.1883189678 20.966 11.4365 -23.3056 -0.0269525 0.880219 0.230588 0.413904
1403637180.3883190155 22.1488 11.5472 -22.4658 -0.0126318 0.873702 0.249654 0.417321
1403637180.5883190632 23.292 11.5352 -21.616 -0.0239117 0.865077 0.277774 0.417028
1403637180.7883191109 24.51 11.2973 -20.8784 -0.0305783 0.874964 0.249983 0.413534
1403637180.9883189201 25.7899 10.9139 -20.0506 -0.0490751 0.883519 0.230679 0.404689
1403637181.1883189678 27.1168 10.3617 -19.1436 -0.0396789 0.885647 0.233401 0.399474
1403637181.3883190155 28.4896 9.53254 -18.1123 -0.0127114 0.888369 0.231869 0.396076
1403637181.5883190632 29.7824 8.65751 -17.0305 -0.0178418 0.889193 0.235168 0.392063
1403637181.7883191109 31.0945 7.63808 -15.853 -0.0122318 0.889292 0.244177 0.386508
1403637181.9883189201 32.3654 6.665 -14.6191 -0.00353144 0.890212 0.24511 0.383968
1403637182.1883189678 33.5371 5.84127 -13.3381 0.010275 0.892052 0.234007 0.386494
1403637182.3883190155 34.6034 4.9855 -11.976 0.0326072 0.891181 0.228074 0.390788
1403637182.5883190632 35.4452 4.22292 -10.5057 0.0318686 0.895554 0.208446 0.391814
1403637182.7883191109 36.1001 3.35118 -9.02349 0.0339856 0.89484 0.210037 0.392417
1403637182.9883189201 36.4883 2.51484 -7.5132 0.0508562 0.892606 0.217178 0.391793
1403637183.1883189678 36.6475 1.99396 -5.90629 0.0704233 0.889329 0.224949 0.391831
1403637183.3883190155 36.5244 1.69661 -4.29314 0.0789627 0.886225 0.233248 0.392385
1403637183.6383190155 35.9664 1.47698 -2.29602 0.0861151 0.884981 0.237395 0.391198
1403637183.8883190155 34.8695 1.40682 -0.489305 0.0982118 0.876548 0.260645 0.392533
1403637184.1883189678 32.8277 1.11557 1.15651 0.0983528 0.870852 0.281307 0.390909
1403637184.4383189678 30.6485 1.14238 2.23353 0.0445469 0.8794 0.272697 0.387694
1403637184.6383190155 28.8326 1.33405 2.98958 0.0185948 0.874383 0.290314 0.388364
1403637184.8383190632 27.0735 1.55 3.68127 0.00751302 0.868949 0.306165 0.38876
1403637185.0883190632 25.1308 1.56093 4.23598 -0.00120173 0.86676 0.314488 0.387069
1403637185.2883191109 23.6627 1.50725 4.29169 -0.00610772 0.865368 0.319865 0.385731
1403637185.4883189201 22.3797 1.37584 4.07829 -0.0252722 0.863653 0.32528 0.384263
1403637185.6883189678 21.3383 1.1215 3.62632 -0.0165019 0.8722 0.304323 0.382599
1403637185.8883190155 20.4761 0.937206 3.06046 -0.0143009 0.881144 0.27932 0.381262
1403637186.0883190632 19.7127 0.874638 2.50199 -0.00748814 0.885474 0.26618 0.380826
1403637186.3383190632 18.8564 0.63179 1.79453 -0.0066169 0.886339 0.262606 0.38131
1403637186.6383190155 17.8844 0.0774125 0.94265 0.0105715 0.886638 0.262901 0.380321
1403637187.0383191109 16.5832 -0.321181 -0.130791 0.0474948 0.87598 0.293847 0.379549
1403637187.2883191109 15.6355 -0.162474 -0.968584 0.0331645 0.881007 0.290309 0.372085
1403637187.4883189201 14.7942 0.144395 -1.74204 0.00450083 0.882538 0.30102 0.36124
1403637187.7383189201 13.8669 0.554899 -2.81677 0.000902892 0.882026 0.310908 0.35407
1403637187.9883189201 13.0975 1.11018 -4.09656 -0.00432392 0.882324 0.312825 0.351605
1403637188.2383189201 12.5545 1.75706 -5.54756 -0.0189364 0.891149 0.28791 0.350146
1403637188.4883189201 12.2238 2.44589 -6.99723 -0.00939703 0.898732 0.266511 0.348087
1403637188.7383189201 11.9325 3.2692 -8.3317 0.0215903 0.906261 0.269431 0.325011
1403637188.9883189201 11.5479 4.10212 -9.63538 0.038325 0.91265 0.285836 0.289655
1403637189.1883189678 11.1311 4.70454 -10.698 0.0146139 0.912248 0.303188 0.275077
1403637189.4383189678 10.6452 5.62265 -12.1007 0.027715 0.914733 0.298161 0.271285
1403637189.6883189678 10.1253 6.49495 -13.6004 0.0187501 0.920977 0.275923 0.274438
1403637189.9383189678 9.52416 7.06619 -15.1117 0.0125945 0.919792 0.276971 0.277689
1403637190.1883189678 8.9063 7.34874 -16.6294 0.0113906 0.922831 0.267978 0.27648
1403637190.4383189678 8.2878 7.43776 -18.075 0.0175693 0.923527 0.26736 0.274422
1403637190.6883189678 7.67076 7.46764 -19.3966 0.00350874 0.924425 0.261786 0.277298
1403637191.0383191109 6.83527 7.72654 -20.8865 0.0161772 0.912707 0.260344 0.314525
1403637191.4383189678 5.82692 8.34611 -22.2044 0.0112927 0.91144 0.252526 0.324624
1403637191.7383189201 4.9932 8.64773 -23.0252 -0.00537194 0.909688 0.264609 0.320032
1403637192.0883190632 4.18372 8.52876 -23.8359 -0.0352064 0.90872 0.273827 0.313063
1403637192.6883189678 4.15877 7.60808 -24.9472 -0.0229871 0.90086 0.302941 0.31008
1403637193.0383191109 4.82586 7.28749 -25.6169 -0.0130268 0.904619 0.289342 0.312691
1403637193.2883191109 5.45149 6.92894 -26.2712 0.022853 0.893947 0.318133 0.314847
1403637193.5383191109 6.07483 6.87995 -27.0301 -0.00602991 0.904063 0.290892 0.313075
1403637193.8383190632 6.98898 6.72752 -28.0958 -0.0226023 0.905853 0.283785 0.313665
1403637194.0883190632 7.8734 6.56965 -28.9317 -0.0149229 0.909775 0.271706 0.313468
1403637194.4383189678 9.30285 6.71138 -29.8708 -0.015073 0.908108 0.27856 0.312278
1403637194.7383189201 10.7147 6.57839 -30.6827 -0.0170386 0.905672 0.288468 0.31025
1403637194.9883189201 11.9761 6.44663 -31.3784 -0.011761 0.906147 0.289126 0.308488
1403637195.1883189678 13.0644 6.47046 -31.9211 -0.0052518 0.912485 0.269832 0.307463
1403637195.4383189678 14.4254 6.599 -32.4568 -0.00106492 0.914945 0.259499 0.309088
1403637195.6383190155 15.513 6.60344 -32.8155 -0.000822096 0.909378 0.260537 0.324271
1403637195.8883190155 16.8116 6.41617 -33.1872 -0.0143308 0.90806 0.251407 0.334687
1403637196.1383190155 18.2067 6.20538 -33.3574 -0.0451586 0.913991 0.225736 0.334104
1403637196.3883190155 19.5522 6.11497 -33.2503 -0.0551686 0.92319 0.186612 0.331442
1403637196.6883189678 20.9609 5.74742 -32.306 -0.0456462 0.922836 0.194004 0.329625
1403637196.8883190155 22.2799 5.64427 -31.1399 -0.0373885 0.923144 0.198126 0.327342
1403637197.0883190632 23.5608 5.47217 -29.6774 -0.0144547 0.918686 0.209381 0.334613
1403637197.2883191109 24.7611 5.15494 -27.9782 -0.00301079 0.90137 0.224784 0.370127
1403637197.4883189201 25.8992 4.61669 -26.0908 -0.00519509 0.872144 0.230958 0.431274
1403637197.6883189678 26.9129 3.9322 -24.2538 -0.0204749 0.830803 0.219356 0.511107
1403637197.8883190155 27.8426 3.03652 -22.4142 -0.0335599 0.789641 0.188945 0.582787
1403637198.0883190632 28.7791 2.04677 -20.3957 -0.0378101 0.751718 0.165134 0.637355
1403637198.2883191109 29.4359 0.832449 -18.3499 -0.0398 0.713933 0.146965 0.68346
1403637198.4883189201 30.274 -0.240699 -16.0916 -0.0437869 0.68967 0.116606 0.71333
1403637198.6883189678 30.8247 -1.15974 -13.8552 -0.0458974 0.68136 0.0963704 0.724123
1403637198.8883190155 31.2608 -1.79674 -11.383 -0.0292566 0.679801 0.0919659 0.727019
1403637199.0883190632 31.4404 -2.3751 -8.62746 0.00422203 0.670521 0.104744 0.734447
1403637199.2883191109 31.2663 -2.97485 -5.92585 0.0063153 0.64441 0.113195 0.756229
1403637199.4883189201 30.8559 -3.75579 -3.34721 0.00574187 0.607022 0.097098 0.78871
1403637199.6883189678 30.2092 -4.47855 -0.737167 0.015754 0.560459 0.0870632 0.823442
1403637199.8883190155 29.3507 -4.93928 1.88631 0.0442634 0.497692 0.0925291 0.861268
1403637200.0883190632 28.3222 -4.95286 4.3145 0.0863431 0.421187 0.0853897 0.898808
1403637200.2883191109 27.1252 -4.79694 6.30767 0.0731024 0.357125 0.0561155 0.929499
1403637200.4883189201 25.7144 -4.48197 7.8691 0.0091671 0.32533 0.0397725 0.944719
1403637200.6883189678 24.2272 -4.2544 9.17496 -0.00322454 0.307994 0.0583052 0.949594
1403637200.8883190155 22.8507 -4.21764 10.2558 0.00416251 0.31266 0.0765765 0.946764
1403637201.1883189678 20.8246 -4.31499 11.396 0.00242766 0.339595 0.084214 0.936791
1403637201.4383189678 19.2818 -4.51845 11.9934 0.00479879 0.351862 0.134781 0.926285
1403637201.8383190632 17.3773 -4.36668 12.3099 0.0124184 0.385098 0.166691 0.907612
1403637202.2883191109 16.4786 -4.14879 11.2242 -0.0333153 0.38552 0.159119 0.908265
1403637202.6883189678 16.6255 -3.87734 9.86207 -0.0353816 0.395307 0.116237 0.910478
1403637203.0883190632 17.2159 -3.83706 8.5243 -0.0365413 0.405027 0.0841046 0.909695
1403637203.6383190155 17.8967 -3.35131 7.12775 -0.0350166 0.409809 0.0784881 0.908114
1403637204.3883190155 18.2236 -2.41631 6.04424 -0.0300692 0.412822 0.0842613 0.906407
1403637207.5883190632 15.4031 -2.43619 4.57196 -0.0236162 0.396884 0.0944495 0.912691
1403637209.4383189678 13.4951 -2.34436 3.1367 -0.0479592 0.370355 0.0764919 0.924492
1403637209.9383189678 12.9659 -2.76414 3.42263 -0.102392 0.342616 0.089336 0.929596
1403637210.3883190155 13.3313 -2.75588 4.94602 -0.144356 0.338561 0.104021 0.923968
1403637210.6883189678 14.244 -2.90103 6.83035 -0.108394 0.34032 0.0928411 0.929416
1403637210.9383189678 15.2731 -3.05894 8.77974 -0.0793941 0.334088 0.107074 0.933069
1403637211.1383190155 16.2873 -3.14653 10.4485 -0.0505366 0.334881 0.110138 0.934436
1403637211.3883190155 17.7078 -3.14349 12.4816 -0.0318836 0.348368 0.0864819 0.932815
1403637211.6383190155 19.1284 -3.08999 14.4294 -0.0353523 0.350066 0.0898807 0.931733
1403637211.8883190155 20.5682 -3.19922 16.2293 -0.0507943 0.342477 0.113721 0.931234
1403637212.0883190632 21.8093 -3.44936 17.5762 -0.0424259 0.349037 0.0974898 0.931058
1403637212.2883191109 23.0957 -3.85952 18.836 -0.0214252 0.354961 0.0822627 0.931009
1403637212.5383191109 24.5955 -4.48647 20.2537 -0.023294 0.359259 0.0809768 0.929426
1403637212.7383189201 25.7785 -5.03229 21.292 -0.0412898 0.360264 0.0856908 0.927988
1403637212.9883189201 27.2046 -5.75434 22.5298 -0.0494131 0.361791 0.0779131 0.927683
1403637213.1883189678 28.325 -6.32534 23.5963 -0.0489338 0.35694 0.082369 0.929201
1403637213.3883190155 29.4447 -6.80493 24.6609 -0.0455759 0.354976 0.0823688 0.930124
1403637213.5883190632 30.5627 -7.18381 25.7706 -0.0405094 0.358611 0.0704935 0.92994
1403637213.8383190632 31.8863 -7.48613 27.1899 -0.0514936 0.363359 0.050695 0.928843
1403637214.0883190632 33.0632 -7.76908 28.7107 -0.0426524 0.35672 0.0463511 0.932085
1403637214.3383190632 34.0172 -8.23647 30.2406 -0.0225678 0.321109 0.0427302 0.945809
1403637214.5383191109 34.5593 -8.7451 31.3681 -0.0181284 0.281368 0.00355515 0.959422
1403637214.7883191109 34.9227 -9.47892 32.6871 -0.0138381 0.24558 -0.0442364 0.968268
1403637215.0883190632 34.6789 -10.2956 34.1623 -0.00604425 0.230459 -0.0492991 0.971814
1403637215.3383190632 33.9241 -10.7024 35.3322 0.00809538 0.221617 -0.0381568 0.974353
1403637215.5383191109 32.9833 -10.9427 36.1123 0.0319194 0.187797 -0.0286425 0.981271
1403637215.7383189201 31.8059 -11.2436 36.5014 0.0230172 0.137414 -0.0349669 0.989629
1403637215.9383189678 30.5045 -11.4676 36.7524 -0.00440225 0.0828767 -0.0388041 0.995794
1403637216.1383190155 29.0918 -11.7381 36.8014 -0.0152684 0.0382255 -0.0359715 0.998505
1403637216.3383190632 27.714 -11.9182 36.6882 -0.0121123 0.0115965 -0.0323301 0.999337
1403637216.5883190632 26.143 -11.9746 36.4806 0.00744632 0.00346761 -0.0295809 0.999529
1403637216.8883190155 24.4081 -11.8316 35.8608 0.0332379 0.00784358 -0.0231885 0.999148
1403637217.1883189678 22.9012 -11.6755 34.6141 0.0145784 0.0098728 -0.000944121 0.999845
1403637217.4883189201 21.7229 -11.2149 33.0104 0.00684004 0.0105866 0.0240348 0.999632
1403637217.7883191109 20.9391 -10.4597 31.0717 0.0253486 -0.00947841 -0.0316816 0.999132
1403637217.9883189201 20.5356 -9.94769 29.5055 0.0185515 -0.051834 -0.0632835 0.996476
1403637218.2383189201 19.9922 -9.37722 27.2688 0.00330353 -0.085223 -0.0709903 0.993824
1403637218.5883190632 19.3113 -8.26871 23.9081 0.00332105 -0.093098 -0.0753299 0.992798
1403637218.9383189678 18.6187 -7.15338 20.2828 -0.012054 -0.081907 -0.0861405 0.992837
1403637219.2883191109 17.7543 -5.41776 16.6121 -0.0142984 -0.0755563 -0.092978 0.992694
1403637219.5383191109 16.9292 -4.36667 13.834 -0.0347333 -0.0752304 -0.0846097 0.992963
1403637219.7383189201 16.1831 -3.69867 11.5751 -0.05832 -0.073738 -0.0798164 0.992366
1403637219.9383189678 15.37 -3.20489 9.41935 -0.0667972 -0.073133 -0.0777687 0.992039
1403637220.1883189678 14.2078 -2.83901 6.93043 -0.0693587 -0.0727097 -0.0769735 0.991957
1403637220.4383189678 13.0622 -2.77387 4.65035 -0.0607567 -0.0785837 -0.0534889 0.993616
1403637220.7383189201 11.7661 -2.67352 2.23896 -0.0548887 -0.0786228 -0.0449763 0.994376
1403637221.0883190632 10.5452 -2.34417 -0.227997 -0.0645622 -0.0691941 -0.0457157 0.994462
1403637221.3883190155 9.6782 -1.85833 -1.8935 -0.0712161 -0.0266915 -0.0374242 0.996401
1403637221.7383189201 8.82732 -1.11449 -3.37341 -0.0731227 -0.000683149 -0.0257165 0.996991
1403637222.0383191109 8.30595 -0.418892 -4.29245 -0.0752886 0.0295807 -0.0112936 0.996659
1403637222.2883191109 8.04584 0.217697 -4.75065 -0.0686479 0.0852104 0.00411063 0.993987
1403637222.6883189678 7.7342 1.0244 -5.25619 -0.0384443 0.125399 0.0117443 0.991292
1403637225.9383189678 6.83503 0.792209 -5.82089 -0.043361 0.111928 -0.011158 0.992707
1403637226.5883190632 5.87479 0.423684 -6.30178 -0.0559308 0.112738 -0.0134725 0.991958
1403637227.1383190155 4.87916 0.579153 -6.23081 -0.0476362 0.103766 0.0222558 0.993211
1403637228.4883189201 4.24824 0.699627 -5.3781 -0.0192439 0.115351 -0.00937588 0.993094
1403637229.3883190155 3.54274 0.721814 -5.79033 -0.0319935 0.127036 -0.00949187 0.991337
1403637229.6383190155 3.31222 0.988092 -5.90604 -0.0559792 0.164967 0.0492188 0.983478
1403637229.8383190632 3.28369 1.24272 -5.89109 -0.0533201 0.227338 0.0616436 0.970399
1403637230.0383191109 3.38242 1.50208 -5.92676 -0.0394567 0.296148 0.0546149 0.952763
1403637230.2883191109 3.46826 1.70474 -5.88298 -0.0507703 0.352607 0.080553 0.930914
1403637230.6883189678 3.58114 1.48214 -5.84534 -0.0134966 0.393672 0.0789559 0.915754
1403637230.9883189201 3.58912 1.13948 -5.94798 -0.0359384 0.448507 0.132594 0.883158
1403637231.1883189678 3.74215 1.09839 -5.98151 -0.0388547 0.507751 0.162895 0.845071
1403637231.3883190155 3.93984 1.32601 -5.99367 -0.0265359 0.576572 0.189078 0.794425
1403637231.5883190632 4.29879 1.89643 -5.98848 -0.0132849 0.643355 0.223665 0.732046
1403637231.7883191109 4.79388 2.52649 -6.09496 -0.00954977 0.705425 0.242737 0.665855
1403637231.9883189201 5.29822 3.05313 -6.39316 -0.00524396 0.748364 0.262027 0.609316
1403637232.1883189678 5.93062 3.52058 -6.7687 0.0269365 0.788854 0.25675 0.55773
1403637232.3883190155 5.9788 3.54782 -7.7554 0.0263871 0.821577 0.251586 0.5109
1403637232.5883190632 6.28296 4.12979 -9.08052 0.038115 0.841517 0.270768 0.465919
1403637232.7883191109 6.52408 4.31345 -10.0144 0.0463509 0.85533 0.308632 0.413532
1403637232.9883189201 6.6837 4.45002 -11.2142 0.0281548 0.863478 0.33124 0.379332
1403637233.2383189201 6.9458 4.58805 -13.0617 0.000280214 0.863891 0.345834 0.366184
1403637233.4383189678 7.28211 4.88533 -14.7841 -0.0156273 0.858038 0.357134 0.368757
1403637233.6383190155 7.78342 5.48501 -16.7315 -0.0637656 0.871461 0.306554 0.377511
1403637233.8383190632 8.57683 6.26114 -18.5109 -0.100928 0.887669 0.238575 0.38071
1403637234.0883190632 10.063 7.18263 -20.2745 -0.122784 0.893521 0.20656 0.379312
1403637234.3383190632 12.0455 7.97937 -21.2923 -0.122611 0.899467 0.185953 0.375961
1403637234.5383191109 14.034 8.4573 -21.5644 -0.0799476 0.897079 0.191057 0.390326
1403637234.7383189201 16.0985 8.91469 -21.3953 -0.0410403 0.884893 0.193567 0.421678
1403637234.9383189678 18.1044 9.34459 -20.9 -0.0046784 0.862859 0.203092 0.462824
1403637235.1383190155 19.9627 9.64792 -20.2399 -0.000892594 0.840678 0.19707 0.504403
1403637235.3383190632 21.6344 9.74685 -19.4776 -0.0109444 0.819264 0.194707 0.539236
1403637235.5383191109 23.0303 9.74102 -18.6812 -0.0273644 0.795805 0.221775 0.562816
1403637235.7383189201 24.4881 9.52298 -17.8303 -0.0331905 0.779006 0.214718 0.58817
1403637235.9383189678 25.9326 9.13582 -16.8737 -0.0461525 0.769861 0.161523 0.615706
1403637236.1383190155 27.3492 8.55164 -15.633 -0.061876 0.74909 0.135275 0.645551
1403637236.3383190632 28.6231 7.7647 -14.074 -0.0660173 0.722364 0.121203 0.677601
1403637236.5383191109 29.7689 6.73935 -12.226 -0.0517214 0.695981 0.122007 0.705726
1403637236.7383189201 30.8233 5.77716 -10.304 -0.0333233 0.682342 0.111744 0.721673
1403637236.9383189678 31.6835 4.6842 -7.94703 0.000376747 0.665745 0.0942416 0.740204
1403637237.1383190155 32.1736 3.53095 -5.84387 0.0466944 0.646501 0.0693112 0.758322
1403637237.3383190632 32.0813 2.33273 -3.81158 0.0639324 0.616255 0.0701676 0.781805
1403637237.5383191109 31.5598 0.96143 -1.826 0.0647198 0.594553 0.0771418 0.797726
1403637237.7383189201 30.4996 -0.380397 -0.109754 0.0744331 0.57927 0.0911434 0.806597
1403637237.9383189678 29.1342 -1.59156 1.3955 0.0727596 0.576599 0.120965 0.804741
1403637238.1383190155 27.5192 -2.52489 2.60054 0.0651875 0.591192 0.172307 0.785209
1403637238.3383190632 25.8121 -3.31255 3.54628 0.0740104 0.620764 0.231029 0.74552
1403637238.5383191109 24.1488 -3.85324 4.08281 0.092135 0.665106 0.271959 0.689336
1403637238.7383189201 22.6047 -4.31652 4.1201 0.0786146 0.690979 0.325062 0.64086
1403637238.9383189678 20.9995 -4.4719 3.51419 0.0388268 0.68948 0.385637 0.611877
1403637239.1383190155 19.6973 -4.45957 2.26413 -0.00225146 0.701959 0.387171 0.597785
1403637239.3383190632 18.8435 -4.38381 0.43576 -0.0110754 0.738856 0.33931 0.582098
1403637239.5383191109 18.2894 -4.06792 -1.70868 -0.00126942 0.770119 0.330061 0.545871
1403637239.7383189201 17.8891 -3.31886 -4.01932 0.00824402 0.808103 0.316718 0.496579
1403637239.9383189678 17.6336 -2.24935 -6.45982 0.016228 0.853628 0.275846 0.441548
1403637240.1383190155 17.3339 -0.95294 -8.87344 0.01982 0.886716 0.260947 0.381115
1403637240.3383190632 17.0549 0.392336 -11.168 0.0133836 0.902761 0.280575 0.325763
1403637240.5383191109 16.8155 1.60089 -13.3799 -0.0135838 0.904244 0.308952 0.294461
1403637240.7383189201 16.6439 2.67037 -15.6141 -0.0191212 0.907256 0.308212 0.285527
1403637240.9383189678 16.661 3.49684 -17.9614 -0.0206862 0.917764 0.273253 0.287428
1403637241.1383190155 16.7513 4.38827 -20.1725 -0.0177289 0.916926 0.268937 0.294288
1403637241.3383190632 16.9215 5.31305 -22.2354 -0.0286695 0.915497 0.265407 0.301001
1403637241.5383191109 17.1662 6.25689 -24.1244 -0.0468817 0.917487 0.25025 0.305606
1403637241.7383189201 17.5816 6.98028 -25.7721 -0.0485017 0.921418 0.229248 0.30997
1403637241.9383189678 18.2292 7.39461 -27.1791 -0.0222712 0.924876 0.214045 0.313516
1403637242.2883191109 19.2033 7.79816 -28.8947 -0.0259331 0.926495 0.211087 0.310446
1403637242.7383189201 20.6483 7.79207 -29.4179 -0.0397403 0.92337 0.193538 0.329167
1403637242.9383189678 21.275 7.54057 -29.0276 -0.016689 0.913252 0.19041 0.359773
1403637243.1883189678 22.1146 7.03918 -28.1306 -0.028 0.905901 0.192542 0.376148
1403637243.3883190155 22.624 6.76664 -27.0466 -0.024647 0.899171 0.212521 0.381733
1403637243.5883190632 22.8635 6.44939 -25.7615 -0.0194191 0.895509 0.225188 0.383375
1403637243.7883191109 23.1463 5.9906 -24.4127 -0.00430108 0.88813 0.254307 0.382798
1403637243.9883189201 23.6506 5.30302 -23.0668 0.0134455 0.882118 0.278215 0.379847
1403637244.1883189678 24.0765 4.49991 -21.9391 0.0132536 0.884246 0.277047 0.375736
1403637244.4383189678 24.5841 3.31535 -20.6913 0.0104825 0.882315 0.284886 0.374501
1403637244.6383190155 24.898 2.34076 -19.8648 -0.0145604 0.875601 0.279798 0.393477
1403637244.8383190632 25.3029 1.51712 -19.0401 -0.0297786 0.865215 0.274803 0.418328
1403637245.0383191109 25.8475 0.848534 -18.231 -0.0261924 0.855622 0.282483 0.43293
1403637245.2383189201 26.5237 0.241512 -17.5064 -0.0165892 0.844909 0.307839 0.437136
1403637245.5383191109 27.6745 -0.307956 -16.7086 -0.0325004 0.850215 0.281118 0.443903
1403637245.7383189201 28.6654 -0.529106 -16.198 -0.0355805 0.839089 0.274009 0.468596
1403637245.9383189678 29.7029 -0.7043 -15.6159 -0.0227769 0.82245 0.240691 0.514902
1403637246.1383190155 30.7678 -0.728885 -15.0182 -0.0188933 0.785638 0.211949 0.580942
1403637246.3383190632 31.7739 -0.721584 -14.3992 -0.0203807 0.730097 0.185405 0.657395
1403637246.5383191109 32.6747 -0.533486 -13.7127 -0.0272118 0.669482 0.143003 0.728426
1403637246.7383189201 33.4428 -0.400293 -12.8637 -0.0190902 0.611582 0.101864 0.784364
1403637246.9383189678 33.9362 -0.296264 -12.0374 -0.0199142 0.550721 0.0810914 0.830502
1403637247.1383190155 34.2396 -0.37809 -11.0945 -0.0409851 0.508093 0.0915128 0.855446
1403637247.3883190155 34.4639 -0.398023 -9.85768 -0.0269104 0.493184 0.0921376 0.864613
1403637247.6383190155 34.5278 -0.331628 -8.4901 -0.00581309 0.492575 0.0768463 0.866851
1403637247.8383190632 34.3545 -0.24897 -7.44467 -0.0143211 0.478589 0.049749 0.876512
1403637248.0383191109 33.8743 -0.268385 -6.40106 -0.00378422 0.445691 0.0518433 0.893677
1403637248.2383189201 33.1356 -0.301696 -5.37125 -0.0246212 0.412481 0.0598321 0.908665
1403637248.4383189678 32.3184 -0.279638 -4.33519 -0.0267165 0.39556 0.0639363 0.915822
1403637248.6383190155 31.4629 -0.307713 -3.31937 -0.0158384 0.393662 0.0578476 0.917297
1403637248.8383190632 30.5042 -0.428641 -2.38377 -0.0326728 0.397241 0.0634355 0.914936
1403637249.0383191109 29.4622 -0.71812 -1.47346 -0.036631 0.402133 0.0711196 0.91208
1403637249.2383189201 28.4053 -1.1374 -0.571029 -0.0365869 0.4067 0.0724008 0.909953
1403637249.4383189678 27.2882 -1.58551 0.364014 -0.0334725 0.409679 0.0736861 0.908632
1403637249.6383190155 26.1616 -1.74348 1.3763 -0.0323368 0.409417 0.0747051 0.908708
1403637249.8383190632 24.9886 -1.74929 2.43483 -0.0174602 0.406677 0.0672009 0.91093
1403637250.0383191109 23.7203 -1.88051 3.44441 -0.018961 0.384629 0.0703866 0.920189
1403637250.2383189201 22.3939 -2.0443 4.36834 -0.0232971 0.356941 0.0798975 0.930412
1403637250.4383189678 21.1043 -2.16307 5.25677 -0.0215815 0.33505 0.0896288 0.937679
1403637250.6383190155 19.9502 -2.17604 6.05528 -0.0282673 0.322941 0.0964647 0.941066
1403637250.8883190155 18.665 -2.39192 6.86919 -0.030339 0.314812 0.0917235 0.944224
1403637251.1883189678 17.42 -2.8498 7.62799 -0.0319525 0.298671 0.101155 0.948442
1403637251.4883189201 16.5205 -3.58941 8.12705 -0.0288818 0.277681 0.075532 0.957264
1403637251.7883191109 15.8586 -4.18764 8.52283 -0.0260111 0.243952 0.058011 0.967701
1403637252.6383190155 14.4024 -4.48438 8.91207 -0.0250804 0.231287 0.0502598 0.971263
1403637254.4383189678 12.7933 -4.2846 7.07988 -0.0372603 0.216 0.0209195 0.975458
1403637255.2883191109 11.3302 -4.10264 5.82344 -0.0233355 0.177258 0.0131612 0.9838
1403637255.6883189678 10.4477 -3.85225 5.05393 -0.0284475 0.126242 -0.0064112 0.991571
1403637255.9883189201 9.74723 -3.69796 4.37758 -0.0413749 0.0677318 -0.0273958 0.996469
1403637256.3883190155 8.69767 -3.76223 3.52974 -0.0306967 0.0393154 -0.0406508 0.997928
1403637256.8383190632 7.4291 -3.3204 2.60166 -0.0485267 0.039388 -0.0136747 0.997951
1403637257.1883189678 6.43833 -2.96719 2.01864 -0.0364402 0.0231869 -0.0325672 0.998536
1403637257.6383190155 5.24572 -2.87754 1.11178 -0.0479209 0.00497568 -0.0470206 0.997731
1403637257.9883189201 4.23817 -2.56239 0.617412 -0.0668638 -0.0206729 -0.0460171 0.996486
1403637258.1883189678 3.66724 -2.40488 0.421355 -0.0614691 -0.0569355 -0.0557575 0.994923
1403637258.3883190155 3.06291 -2.30279 0.384274 -0.0447101 -0.0858893 -0.0704485 0.992805
1403637258.5883190632 2.49671 -2.12317 0.33012 -0.0503679 -0.105814 -0.0608015 0.991247
1403637258.7883191109 1.98545 -1.90041 0.345244 -0.042112 -0.110309 -0.0611159 0.991122
1403637258.9883189201 1.51338 -1.70143 0.352084 -0.0389879 -0.110885 -0.0570226 0.99143
1403637259.1883189678 1.09932 -1.6863 0.307349 -0.0387887 -0.109089 -0.0541511 0.991798
1403637259.4383189678 0.675299 -1.83293 0.201308 -0.0377466 -0.107811 -0.0465429 0.992364
1403637259.8883190155 0.300353 -1.84191 0.0505602 -0.0426272 -0.104432 -0.0478144 0.992467
1403637260.3383190632 0.354021 -1.49685 -0.000630858 -0.0375924 -0.0991689 -0.069846 0.991904
1403637260.5883190632 0.398108 -1.19405 -0.0499808 -0.0489339 -0.0961105 -0.0827959 0.990713
1403637260.7883191109 0.354571 -0.957503 -0.0716173 -0.0521924 -0.0981759 -0.0771493 0.9908
1403637260.9883189201 0.263033 -0.723778 -0.0614026 -0.0357922 -0.10122 -0.0734845 0.991501
1403637261.1883189678 0.155521 -0.477374 -0.0727812 -0.0509652 -0.101245 -0.0738603 0.990806
1403637261.3883190155 0.0164954 -0.30659 -0.0763105 -0.0541406 -0.100975 -0.0739148 0.990661
1403637261.5883190632 -0.143855 -0.235442 -0.0672169 -0.055102 -0.102868 -0.0662757 0.990954
1403637261.7883191109 -0.298009 -0.24747 -0.0244423 -0.0614461 -0.100437 -0.0712575 0.990484
1403637261.9883189201 -0.465377 -0.308668 0.0755033 -0.0401003 -0.100232 -0.0684517 0.991796
1403637262.1883189678 -0.617605 -0.200731 0.206087 -0.0341129 -0.101183 -0.0584877 0.992561
1403637262.3883190155 -0.652227 -0.0879316 0.245945 -0.0101147 -0.10168 -0.0530239 0.993352
1403637262.6383190155 -0.592171 -0.0925606 0.210193 0.00299887 -0.0735206 -0.0223589 0.997039
