1403638127.2450969219 0 0 0 -0 -0 -0 1
1403638129.3450970650 0.022973 -0.239631 -0.0680143 0.0297701 -0.00740007 0.0398143 0.998736
1403638129.6450970173 0.014476 -0.444457 -0.164582 0.0017942 -0.00980343 0.0161578 0.99982
1403638129.8450970650 -0.00855056 -0.740507 -0.273104 0.00165181 -0.0107252 0.0106765 0.999884
1403638130.0450971127 -0.0515236 -1.35211 -0.514688 0.00516338 -0.0158553 0.0103308 0.999808
1403638130.2450969219 -0.098834 -2.15806 -0.819349 0.0168395 -0.0260829 0.0150053 0.999405
1403638130.4450969696 -0.12314 -3.00621 -1.17354 0.033401 -0.0373934 0.0346241 0.998142
1403638130.7450969219 -0.212109 -4.08627 -1.63823 0.0480727 -0.0420055 0.035893 0.997315
1403638131.8450970650 0.0549027 -1.89165 -0.886445 0.0382625 -0.023544 -0.00127946 0.99899
1403638132.0450971127 0.106278 -1.21272 -0.6611 0.0302614 -0.0197915 -0.0221925 0.9991
1403638132.2950971127 0.0828917 -1.72971 -0.901365 0.0369975 -0.029819 -0.0238931 0.998585
1403638132.4950969219 0.0514518 -2.87366 -1.40214 0.0581192 -0.0478622 0.00774781 0.997132
1403638132.6950969696 -0.0720843 -3.83457 -1.85619 0.0793505 -0.059018 0.0367427 0.99442
1403638133.4450969696 1.02899 -3.15711 -1.44179 0.0641592 -0.00794684 0.0233368 0.997635
1403638133.6950969696 2.20874 -2.598 -1.47892 0.0509518 0.0328008 0.0545641 0.99667
1403638133.9950969219 2.93223 -2.10783 -1.35656 0.0408736 0.0788727 0.0569658 0.994416
1403638134.4450969696 1.64268 -2.73836 -0.0272247 0.044506 0.0712325 0.0654225 0.994316
1403638134.8950970173 -0.485465 -3.285 0.644669 0.0268499 0.0550133 0.0723781 0.995497
1403638135.9450969696 0.590931 -2.4909 -0.136968 0.0041615 0.0951217 0.0468304 0.994355
1403638136.1950969696 1.58254 -2.65056 -0.85987 0.0292822 0.116462 0.0557887 0.991195
1403638136.4950969219 2.65911 -2.26287 -1.40205 0.0225498 0.139172 0.051169 0.988688
1403638136.8950970173 1.66483 -2.75501 -1.39278 0.0407046 0.0946664 0.0930764 0.990312
1403638137.1950969696 0.458532 -2.29736 -0.834258 0.0461972 0.0676094 0.0921801 0.99237
1403638137.3950970173 -0.0426147 -1.5201 -0.437396 0.0242945 0.0610445 0.0712079 0.995295
1403638137.5950970650 -0.280839 -0.810505 -0.131866 -0.00401292 0.0712369 0.0411261 0.996603
1403638137.7950971127 -0.366445 -0.397241 0.0480829 -0.00488194 0.0832983 0.0398671 0.995715
1403638137.9950969219 -0.4121 -0.126908 0.119032 -0.0316886 0.0870814 0.0241378 0.995404
1403638147.9450969696 -0.389603 -0.209413 0.226313 0.0220912 0.0944515 0.0343743 0.994691
1403638148.1450970173 -0.34107 -0.65722 0.28637 0.0390286 0.0951437 0.0323882 0.994171
1403638148.3450970650 -0.30015 -1.55583 0.147019 0.0434377 0.0898233 0.0290828 0.994585
1403638148.5450971127 -0.265917 -2.30833 0.005084 0.0332824 0.0861969 0.0239809 0.995433
1403638149.0450971127 -0.37823 -2.96633 0.58141 0.0249125 0.076471 0.020966 0.99654
1403638149.3450970650 -0.555732 -4.26327 0.861954 0.0360706 0.0739838 0.0228223 0.996346
1403638150.4450969696 -2.03932 -5.66357 3.23029 0.0223878 0.0526768 -0.00558996 0.998345
1403638150.8950970173 -3.65328 -6.43098 4.5698 0.0195861 0.0138278 -0.0113737 0.999648
1403638151.2450969219 -5.32012 -7.26241 5.89778 0.0333828 -0.0340822 -0.0365609 0.998192
1403638151.4950969219 -6.74457 -7.59441 6.97007 0.0323688 -0.0933096 -0.0571144 0.99347
1403638151.7950971127 -8.50972 -8.31079 8.07743 0.0337115 -0.137065 -0.0744003 0.987189
1403638152.2450969219 -11.4025 -10.1363 9.35019 0.0319334 -0.144652 -0.0829941 0.985479
1403638152.7450969219 -15.2061 -10.9067 11.3918 0.0290794 -0.144846 -0.0842187 0.985435
1403638152.9950969219 -17.4726 -11.6662 12.2732 0.0367025 -0.176706 -0.0856963 0.979839
1403638153.2950971127 -20.1433 -12.7475 13.195 0.0254239 -0.207227 -0.101809 0.972649
1403638153.5450971127 -22.4664 -13.4987 14.0893 0.0246055 -0.234437 -0.127704 0.963393
1403638153.7450969219 -24.4515 -14.3769 14.8143 0.027499 -0.268302 -0.144498 0.952039
1403638153.9450969696 -26.7397 -15.0731 15.5035 0.0355512 -0.295676 -0.148267 0.943042
1403638154.2450969219 -30.253 -15.7148 16.7718 0.0512754 -0.309707 -0.147355 0.937944
1403638154.5950970650 -34.2798 -15.9628 18.0176 0.0669083 -0.312967 -0.13912 0.937134
1403638154.8950970173 -37.5927 -16.2212 18.3981 0.0519714 -0.327303 -0.157712 0.930214
1403638155.1450970173 -40.3315 -16.6947 18.1917 0.0572821 -0.35029 -0.17097 0.919122
1403638155.3450970650 -42.5467 -16.9563 17.8884 0.0666621 -0.367974 -0.173145 0.911138
1403638155.5450971127 -44.7798 -16.894 17.494 0.0735918 -0.389625 -0.179237 0.900362
1403638155.7450969219 -46.9026 -16.5196 16.9324 0.075199 -0.427675 -0.175753 0.883487
1403638155.9450969696 -48.7635 -15.9008 16.1863 0.0620155 -0.46784 -0.190037 0.86091
1403638156.1450970173 -50.4911 -15.3917 15.2478 0.0393334 -0.507933 -0.214934 0.833223
1403638156.3450970650 -52.1788 -15.1916 14.2322 0.0257978 -0.539281 -0.231188 0.809359
1403638156.6450970173 -54.8249 -14.6477 13.0269 0.0169217 -0.558013 -0.24027 0.794107
1403638157.1450970173 -59.6783 -13.6271 12.021 0.0112441 -0.551325 -0.243172 0.797986
1403638157.5450971127 -64.2272 -13.7098 11.4788 0.0247832 -0.556649 -0.248172 0.792426
1403638157.7950971127 -67.2153 -13.6548 11.164 0.0441757 -0.586126 -0.258541 0.766591
1403638158.0450971127 -70.1636 -13.8746 10.5125 0.0393115 -0.624907 -0.268446 0.73204
1403638158.3950970173 -74.2834 -13.8203 9.92239 0.0322808 -0.647851 -0.272048 0.7108
1403638158.9950969219 -81.087 -13.3268 9.02064 0.0206408 -0.643564 -0.27477 0.714073
1403638159.4450969696 -86.5841 -13.5938 8.22578 0.022485 -0.64411 -0.262535 0.718117
1403638159.6450970173 -89.169 -13.8868 7.99496 0.0332074 -0.660514 -0.219787 0.717156
1403638159.9450969696 -92.2679 -15.0515 8.06162 0.0500749 -0.659489 -0.224919 0.715526
1403638160.2950971127 -94.6923 -17.421 8.19493 0.0346923 -0.647297 -0.265255 0.713753
1403638160.6950969696 -97.2545 -20.6023 8.18956 0.0219576 -0.642076 -0.278899 0.713773
1403638160.9450969696 -99.1552 -22.3191 8.32184 0.0326838 -0.64449 -0.2426 0.724369
1403638161.1450970173 -100.424 -23.6542 8.75312 0.0406266 -0.62175 -0.22646 0.74866
1403638161.3450970650 -101.592 -24.8765 9.28277 0.0381498 -0.580282 -0.220883 0.782961
1403638161.5950970650 -102.673 -26.3276 10.1044 0.0236512 -0.541255 -0.224217 0.810068
1403638161.9450969696 -104.378 -27.9016 11.6633 0.0277434 -0.522327 -0.204092 0.827497
1403638162.3450970650 -106.248 -29.9329 13.7108 0.0162816 -0.506988 -0.193041 0.839901
1403638162.7450969219 -107.735 -32.3938 16.4368 0.0251688 -0.504156 -0.202261 0.839216
1403638163.0450971127 -108.93 -34.86 18.5482 0.0305975 -0.500381 -0.179828 0.846371
1403638163.2950971127 -109.729 -36.5208 20.6737 0.0369317 -0.475915 -0.174967 0.86112
1403638163.4950969219 -110.008 -37.5517 22.8147 0.0415526 -0.445897 -0.171557 0.877506
1403638163.7950971127 -110.355 -39.4021 25.4531 0.042957 -0.423899 -0.166211 0.889291
1403638164.1450970173 -110.346 -42.2816 28.2282 0.0341711 -0.428809 -0.153043 0.889682
1403638164.4450969696 -110.057 -44.956 30.6786 0.0369942 -0.437023 -0.146566 0.886657
1403638164.7450969219 -109.289 -47.1721 33.5749 0.0363308 -0.432644 -0.142362 0.889512
1403638164.9450969696 -108.504 -48.4688 35.6652 0.0601085 -0.414506 -0.159445 0.893951
1403638165.1450970173 -107.617 -49.5901 37.7181 0.059543 -0.409795 -0.137132 0.899843
1403638165.3450970650 -106.467 -50.3404 39.7333 0.0339308 -0.397288 -0.138354 0.90657
1403638165.5450971127 -105.192 -51.0618 41.8121 0.0444366 -0.391186 -0.132262 0.909673
1403638165.7450969219 -103.777 -51.4655 44.0577 0.0769867 -0.387028 -0.131244 0.909427
1403638165.9450969696 -102.1 -51.8326 46.0357 0.0628441 -0.382496 -0.143777 0.910536
1403638166.1450970173 -100.326 -52.3681 47.6548 0.0451349 -0.378393 -0.158906 0.910786
1403638166.3450970650 -98.5816 -53.4639 48.9999 0.0433965 -0.379778 -0.167677 0.908719
1403638166.5450971127 -96.961 -54.9979 50.0105 0.0433933 -0.381962 -0.170987 0.907186
1403638166.7450969219 -95.4659 -56.3325 51.0451 0.039062 -0.386925 -0.16532 0.906329
1403638166.9950969219 -93.6687 -57.4921 52.4564 -0.00195274 -0.392384 -0.156088 0.906459
1403638167.1950969696 -92.4556 -58.4562 53.9375 -0.00377324 -0.387395 -0.168412 0.906393
1403638167.3950970173 -91.452 -59.8644 55.5394 0.00488145 -0.384867 -0.173877 0.906433
1403638167.5950970650 -90.7324 -61.2993 57.3175 0.0157 -0.388245 -0.161318 0.907191
1403638167.7950971127 -90.0833 -62.5789 59.2595 0.0177313 -0.384136 -0.135014 0.913179
1403638167.9950969219 -89.4025 -63.7378 61.4643 0.0186346 -0.360654 -0.11585 0.925289
1403638168.1950969696 -88.5707 -65.1006 63.8446 0.0221268 -0.336291 -0.104066 0.935729
1403638168.3950970173 -87.608 -66.7224 66.2861 0.0282551 -0.302099 -0.100691 0.947523
1403638168.5950970650 -86.4907 -68.4527 68.6768 0.0235483 -0.269384 -0.115963 0.955735
1403638168.7950971127 -85.437 -69.8963 71.1998 0.0184379 -0.252933 -0.129396 0.958614
1403638168.9950969219 -84.7567 -71.1767 73.884 0.0164803 -0.250597 -0.133146 0.95875
1403638169.1950969696 -84.3937 -72.2636 76.6665 0.031629 -0.262061 -0.119435 0.95711
1403638169.3950970173 -84.0811 -73.2167 79.5003 0.0408345 -0.270049 -0.0786265 0.958762
1403638169.5950970650 -83.5884 -74.1863 82.4459 0.0524147 -0.24864 -0.0515574 0.965802
1403638169.7950971127 -82.8334 -75.2289 85.2181 0.0559979 -0.199208 -0.056857 0.976703
1403638169.9950969219 -81.7251 -76.4694 87.7217 0.0711633 -0.140613 -0.0648027 0.985375
1403638170.1950969696 -80.6039 -77.7051 89.933 0.0818787 -0.0958906 -0.0379911 0.991291
1403638170.3950970173 -79.5835 -78.5666 91.9145 0.0735821 -0.0530909 -0.00416269 0.995866
1403638170.5950970650 -78.3355 -79.2339 93.6548 0.0706829 -0.0148115 0.0305764 0.99692
1403638170.7950971127 -76.9821 -79.9933 95.0606 0.0784083 0.0261679 0.052926 0.995171
1403638170.9950969219 -75.3221 -80.6786 95.912 0.0778643 0.069151 0.0657504 0.992387
1403638171.2450969219 -73.0635 -81.1117 96.9299 0.0835988 0.106054 0.083209 0.98734
1403638171.5450971127 -70.106 -81.161 97.5307 0.0915056 0.125726 0.0965947 0.983102
1403638171.7950971127 -67.3648 -80.8476 97.446 0.0986132 0.145894 0.112967 0.97787
1403638172.0450971127 -64.4265 -80.4823 96.5192 0.108602 0.168697 0.118047 0.972529
1403638172.2450969219 -61.8641 -79.992 95.1038 0.10519 0.179562 0.114818 0.971344
1403638172.4950969219 -58.611 -78.7922 92.8775 0.106049 0.182964 0.11392 0.970721
1403638172.6950969696 -55.9599 -77.2332 90.7768 0.108981 0.179362 0.117334 0.970662
1403638172.8950970173 -53.1828 -75.2967 88.2042 0.107228 0.174825 0.120054 0.971352
1403638173.0950970650 -50.3931 -72.9594 85.1689 0.094132 0.16535 0.130643 0.973001
1403638173.2950971127 -47.1077 -70.2649 81.6315 0.0785859 0.165437 0.122953 0.975365
1403638173.4950969219 -43.7051 -67.1114 78.0061 0.0636224 0.17753 0.0964333 0.97731
1403638173.6950969696 -40.4287 -63.6962 74.1746 0.0574846 0.184862 0.0855773 0.977342
1403638173.8950970173 -37.0432 -60.0121 70.205 0.0510536 0.185597 0.0882216 0.977325
1403638174.0950970650 -34.116 -56.292 65.8888 0.0502171 0.186971 0.0920922 0.976749
1403638174.2950971127 -31.1554 -52.9399 61.5605 0.0321526 0.187584 0.0928347 0.977323
1403638174.4950969219 -27.9676 -49.1979 57.1602 0.0190085 0.185255 0.094041 0.977996
1403638174.6950969696 -24.6572 -45.591 52.6658 0.00334186 0.18471 0.0894411 0.978709
1403638174.8950970173 -21.2591 -42.5542 48.4254 -0.0102269 0.184263 0.0865259 0.979008
1403638175.0950970650 -17.792 -39.3837 44.4733 -0.0103649 0.184594 0.0866405 0.978934
1403638175.2950971127 -14.2866 -36.9357 40.7875 -0.0154224 0.187674 0.0837997 0.978529
1403638175.4950969219 -10.7986 -34.5957 37.5411 -0.0364213 0.189667 0.0797952 0.977923
1403638175.6950969696 -7.35785 -32.8429 34.86 -0.0629039 0.186756 0.0819871 0.976956
1403638175.8950970173 -3.90448 -31.3871 32.8732 -0.0729013 0.184213 0.07942 0.976956
1403638176.0950970650 -0.515652 -30.0526 31.9982 -0.0530627 0.188958 0.0587946 0.978786
1403638176.2950971127 2.49396 -29.4707 31.8748 -0.00233619 0.190676 0.0566378 0.980015
1403638176.6450970173 7.08362 -28.8584 31.8689 0.00426533 0.194 0.0546733 0.979468
1403638177.0950970650 11.2267 -29.4347 32.0868 -0.000166577 0.193385 0.0579346 0.979411
1403638177.8950970173 15.1808 -28.9789 35.2603 0.0222292 0.18771 0.104067 0.976443
1403638178.3450970650 17.5005 -28.8363 36.5482 0.0424645 0.234021 0.112988 0.96471
1403638178.5950970650 18.7876 -28.9563 36.432 0.0298908 0.287326 0.143558 0.946542
1403638178.8450970650 20.2766 -28.4641 36.0866 0.020026 0.339025 0.170237 0.92503
1403638179.0950970650 21.8741 -27.6107 35.5716 -0.00324087 0.368704 0.181207 0.911707
1403638179.3450970650 23.9133 -26.3942 35.1353 -0.021669 0.395094 0.181665 0.900238
1403638179.5450971127 25.7909 -25.4218 35.0527 -0.00166925 0.428757 0.191855 0.882811
1403638179.7450969219 27.7313 -24.5077 34.9074 0.00742858 0.469021 0.204553 0.85914
1403638179.9450969696 29.6611 -23.9383 34.5351 0.00414119 0.506565 0.219749 0.833717
1403638180.1950969696 32.0424 -23.4551 33.8365 -0.00698207 0.52874 0.237291 0.81491
1403638180.5450971127 35.7812 -22.3694 33.0337 -0.0146304 0.536476 0.235428 0.810279
1403638180.9450969696 40.6796 -21.3261 32.2721 -0.0271748 0.526977 0.23587 0.81604
1403638181.2450969219 44.9283 -20.617 31.8862 -0.00926982 0.521021 0.237628 0.819746
1403638181.4950969219 48.8436 -19.5791 31.6471 0.0208515 0.5418 0.249829 0.802249
1403638181.6950969696 51.8954 -18.6181 31.0541 0.0365068 0.580964 0.25128 0.773309
1403638181.8950970173 54.7544 -17.7584 29.9612 0.0138094 0.618821 0.255241 0.74278
1403638182.0950970650 57.4563 -17.2289 28.5867 -0.00352739 0.639 0.271513 0.719686
1403638182.2950971127 60.1183 -16.8439 27.0913 -0.00894895 0.644528 0.289065 0.707775
1403638182.4950969219 62.8295 -16.3895 25.5274 -0.0170774 0.644773 0.293917 0.7054
1403638182.6950969696 65.8425 -16.1515 23.7788 -0.0324807 0.645417 0.283245 0.708628
1403638182.8950970173 69.0855 -16.1025 22.059 -0.0271954 0.643193 0.279632 0.712299
1403638183.0950970650 72.4991 -15.8224 20.4466 -0.0141359 0.645066 0.267172 0.715758
1403638183.2950971127 75.892 -15.2934 18.9945 -0.0208742 0.645599 0.25974 0.717845
1403638183.4950969219 79.3065 -14.587 17.7552 -0.036783 0.640483 0.269546 0.718174
1403638183.6950969696 82.8704 -13.8769 16.7466 -0.0364434 0.642398 0.264201 0.718467
1403638183.8950970173 86.6487 -13.4886 15.7471 -0.0196234 0.649683 0.246846 0.718745
1403638184.1450970173 91.1842 -13.5973 14.7124 -0.0268065 0.647584 0.254741 0.717651
1403638184.3950970173 95.7345 -13.6635 13.9853 -0.0298239 0.646515 0.260824 0.71631
1403638184.5950970650 99.4271 -13.5863 13.6936 -0.0239523 0.650127 0.25415 0.715659
1403638184.8450970650 103.968 -13.6555 13.4788 -0.0215554 0.65049 0.255293 0.714999
1403638185.0950970650 108.374 -13.9181 13.4318 -0.0218397 0.651787 0.252924 0.714651
1403638185.3450970650 112.739 -14.276 13.6692 -0.0287439 0.653557 0.245888 0.715245
1403638185.5450971127 116.177 -14.7062 14.0808 -0.0260056 0.647631 0.228478 0.726427
1403638185.7450969219 119.44 -15.3217 14.8743 -0.0164132 0.630469 0.219981 0.74421
1403638185.9450969696 122.503 -15.9693 15.8591 0.00127915 0.605793 0.253232 0.754246
1403638186.2450969219 126.913 -16.4483 17.1612 -0.0114542 0.602252 0.247956 0.758735
1403638186.5450971127 131.363 -17.2562 18.2863 -0.0174299 0.605609 0.240807 0.758252
1403638186.8450970650 135.741 -17.999 19.6297 -0.0291587 0.607401 0.222776 0.761961
1403638187.0950970650 139.126 -18.7382 21.2637 -0.0225335 0.573693 0.212782 0.790628
1403638187.2950971127 141.883 -19.6744 22.718 0.00391552 0.529187 0.195942 0.825562
1403638187.4950969219 144.299 -21.0185 23.9787 0.0183427 0.495181 0.178067 0.850148
1403638187.8950970173 148.455 -23.3868 26.4223 -0.002423 0.475474 0.168421 0.863454
1403638188.2950971127 151.445 -25.0752 29.3487 0.0206635 0.490018 0.145683 0.859204
1403638188.8450970650 151.26 -26.674 32.536 0.0495296 0.47263 0.154579 0.866183
1403638189.2450969219 148.907 -28.5915 34.0019 0.0383807 0.433476 0.155456 0.886825
1403638189.5450971127 146.116 -29.4815 34.3648 0.00366356 0.384734 0.155956 0.90975
1403638190.3450970650 140.481 -31.6147 36.1051 0.0103222 0.377261 0.127861 0.91718
1403638190.7950971127 137.128 -31.5827 38.066 0.0147231 0.353068 0.111044 0.928868
1403638191.2450969219 132.63 -32.6211 39.4371 0.012057 0.338623 0.129795 0.931849
1403638191.7450969219 127.514 -34.3056 40.6684 -0.00883043 0.342379 0.127745 0.930795
1403638192.1950969696 123.082 -35.5019 42.9208 -0.00750223 0.344379 0.123895 0.93059
1403638192.4950969219 120.14 -37.3904 44.3668 0.0129036 0.342328 0.12556 0.931064
1403638192.7950971127 117.073 -39.5453 45.4952 0.0432153 0.344364 0.121259 0.929969
1403638193.0450971127 114.063 -40.8534 46.2312 0.0849978 0.336053 0.134706 0.928277
1403638193.3450970650 109.977 -42.2801 45.7511 0.0563529 0.316384 0.123558 0.93886
1403638193.7450969219 104.251 -44.1753 43.5631 0.0330368 0.305207 0.117405 0.944443
1403638194.2450969219 96.6658 -44.466 40.5638 0.0326491 0.307117 0.118155 0.943744
1403638194.6450970173 90.5444 -44.0129 38.0972 0.0101843 0.30561 0.128842 0.943344
1403638195.0950970650 84.3647 -43.6169 35.4217 -0.0133625 0.306217 0.132074 0.942661
1403638195.7450969219 77.6232 -42.0882 34.344 -0.00111213 0.305518 0.132886 0.942867
1403638196.5950970650 72.3332 -43.3398 35.1767 -0.00667074 0.303999 0.13539 0.942979
1403638197.4450969696 70.2861 -44.9599 38.7162 0.00902881 0.316784 0.10861 0.942216
1403638197.9950969219 68.8452 -47.9285 40.6621 0.0363594 0.313006 0.112393 0.942376
1403638198.5450971127 66.0886 -47.2036 43.4156 0.0142304 0.314943 0.10449 0.943234
1403638198.9950969219 62.3867 -46.2166 45.721 0.0121721 0.330189 0.0590271 0.941989
1403638199.2950971127 58.2449 -46.9362 47.2197 0.0199006 0.32786 0.0681544 0.942055
1403638199.5450971127 53.9304 -48.2428 48.2754 0.0121818 0.330898 0.06007 0.941674
1403638199.7450969219 49.8047 -49.6774 49.0273 0.0120152 0.311894 0.0662535 0.947728
1403638199.9450969696 45.2563 -51.1864 49.9794 0.0124244 0.288848 0.0889003 0.953158
1403638200.1450970173 40.6382 -52.4775 51.1046 0.0134981 0.271039 0.0794177 0.959192
1403638200.3450970650 35.8524 -53.8663 52.0671 0.0314615 0.243279 0.0583517 0.967688
1403638200.5450971127 30.736 -55.4137 52.9609 0.0316911 0.221474 0.0324795 0.97411
1403638200.7450969219 25.3406 -57.139 53.6568 0.0261479 0.19914 0.0086117 0.979584
1403638200.9450969696 19.4891 -58.8145 54.2006 0.0206452 0.179069 0.0136626 0.983525
1403638201.1450970173 13.4537 -60.2037 54.955 0.0247291 0.165549 0.0340548 0.985303
1403638201.3450970650 7.54852 -61.172 55.6285 0.027097 0.163658 0.0410298 0.985291
1403638201.5450971127 1.31221 -61.9474 56.4701 0.0292485 0.168073 0.0397858 0.984537
1403638201.7450969219 -5.03886 -62.2295 57.4063 0.0328223 0.171539 0.041164 0.98377
1403638201.9450969696 -11.4116 -62.2382 58.229 0.0321738 0.169824 0.0417226 0.984065
1403638202.1450970173 -18.0062 -62.6088 58.6964 0.026642 0.150599 0.0479714 0.987071
1403638202.3450970650 -24.0937 -62.9323 59.0238 0.016589 0.133554 0.0579303 0.989208
1403638202.5450971127 -30.428 -63.3802 59.3922 0.0119183 0.128636 0.0589719 0.989865
1403638202.7450969219 -36.2737 -63.2597 59.9398 0.0100122 0.126727 0.0614906 0.989979
1403638202.9450969696 -41.9919 -63.0789 60.7172 0.0127003 0.128999 0.0603035 0.989728
1403638203.1450970173 -47.6638 -63.0384 61.4299 0.0163184 0.130728 0.0600806 0.989462
1403638203.3950970173 -53.9615 -63.2197 62.0297 0.0270726 0.130835 0.0580702 0.989332
1403638203.5950970650 -58.9269 -63.2788 62.3223 0.0265042 0.128679 0.063288 0.98931
1403638203.8450970650 -64.8721 -63.4152 62.4345 0.0246969 0.128656 0.0622714 0.989424
1403638204.0450971127 -69.44 -63.8518 62.2783 0.0220891 0.126425 0.0630253 0.989726
1403638204.2450969219 -73.7273 -64.5316 61.8998 0.0133392 0.121005 0.0726357 0.989901
1403638204.4450969696 -77.6911 -65.3819 61.5284 0.000512148 0.113369 0.0966891 0.988837
1403638204.6950969696 -81.946 -66.1148 61.1961 0.00384827 0.108471 0.0941821 0.989621
1403638204.8950970173 -84.8205 -66.2563 61.1182 0.00764729 0.0891459 0.0544396 0.9945
1403638205.0950970650 -87.5475 -66.0757 61.2244 0.0123435 0.0357389 0.0130771 0.999199
1403638205.2950971127 -90.275 -65.9417 61.3403 0.0204852 -0.0509437 -0.0218224 0.998253
1403638205.4950969219 -92.8878 -66.2364 61.1797 0.0366318 -0.134197 -0.0620431 0.988332
1403638205.6950969696 -95.528 -66.9518 60.6915 0.0571048 -0.172729 -0.102637 0.977941
1403638205.8950970173 -98.2897 -67.4625 59.7366 0.0641899 -0.207061 -0.120757 0.968722
1403638206.0950970650 -101.261 -68.2838 58.1067 0.0606423 -0.256551 -0.129028 0.955958
1403638206.2950971127 -104.514 -69.0201 56.2135 0.0644077 -0.302997 -0.136411 0.940976
1403638206.4950969219 -107.835 -69.3807 54.0674 0.0626919 -0.337225 -0.124967 0.930984
1403638206.6950969696 -110.933 -69.3497 51.8358 0.0648425 -0.353037 -0.120619 0.925533
1403638206.8950970173 -113.742 -68.8838 49.5513 0.064164 -0.370107 -0.12511 0.918287
1403638207.0950970650 -116.396 -68.0051 47.3429 0.070992 -0.379955 -0.122239 0.91414
1403638207.2950971127 -118.595 -66.8351 44.9833 0.0730882 -0.391138 -0.122737 0.909178
1403638207.4950969219 -120.373 -65.3532 42.4265 0.0784913 -0.421484 -0.129878 0.894048
1403638207.6950969696 -121.7 -63.9554 39.5071 0.0592022 -0.452133 -0.145446 0.878018
1403638207.8950970173 -122.592 -62.86 36.4371 0.0368862 -0.46804 -0.152748 0.869624
1403638208.0950970650 -123.308 -62.0859 33.4566 0.0324468 -0.47147 -0.155774 0.867409
1403638208.2950971127 -123.815 -61.128 30.6252 0.0412872 -0.472106 -0.149236 0.867836
1403638208.4950969219 -124.127 -59.8776 28.0317 0.0328522 -0.471022 -0.155707 0.867649
1403638208.6950969696 -124.331 -58.8098 25.3264 0.0296198 -0.48839 -0.163245 0.856708
1403638208.9450969696 -124.277 -57.7477 22.25 0.0328079 -0.5081 -0.167963 0.844124
1403638209.2450969219 -123.993 -56.0725 18.8294 0.0326012 -0.516302 -0.170252 0.838679
1403638209.5950970650 -123.357 -53.3625 15.6182 0.0337286 -0.519754 -0.164424 0.837665
1403638209.8950970173 -122.549 -49.5143 13.8124 0.0377342 -0.516257 -0.168652 0.838815
1403638210.1950969696 -121.359 -44.9197 12.1464 0.0572544 -0.517739 -0.158554 0.838766
1403638210.4450969696 -119.777 -41.475 11.0468 0.0550291 -0.518637 -0.159284 0.838222
1403638210.7450969219 -117.173 -36.8835 9.15035 0.0557073 -0.517917 -0.15374 0.839656
1403638210.9950969219 -114.39 -33.3307 7.65116 0.0438469 -0.517068 -0.157025 0.840274
1403638211.2950971127 -110.413 -29.971 5.70367 0.0311558 -0.516216 -0.161389 0.840538
1403638211.5950970650 -106.102 -26.8938 4.05363 0.0270936 -0.488343 -0.148545 0.859489
1403638211.7950971127 -102.928 -24.6611 3.20237 0.0223043 -0.450633 -0.125846 0.883513
1403638211.9950969219 -99.7111 -22.6335 2.50099 0.0156754 -0.403806 -0.102074 0.908997
1403638212.1950969696 -96.2304 -20.4991 1.69379 0.0209586 -0.35322 -0.0880306 0.931154
1403638212.3950970173 -92.2969 -19.2632 1.18584 0.0235719 -0.304119 -0.0751596 0.949372
1403638212.5950970650 -88.2629 -18.2425 0.580338 0.0236404 -0.256801 -0.0569531 0.964495
1403638212.7950971127 -84.1552 -17.6827 -0.0677803 0.022235 -0.206501 -0.039063 0.977413
1403638212.9950969219 -79.8034 -17.4691 -0.814675 0.0180347 -0.151492 -0.0175005 0.988139
1403638213.1950969696 -75.4252 -17.5227 -1.70307 0.0105042 -0.0937743 0.0101865 0.995486
1403638213.3950970173 -70.6263 -17.3963 -2.19908 -0.0134657 -0.0422256 0.0501848 0.997756
1403638213.5950970650 -65.6125 -17.1462 -2.23915 -0.0157837 0.00866954 0.0779089 0.996798
1403638213.7950971127 -60.163 -16.8997 -2.21702 0.0122995 0.0489386 0.0586709 0.997001
1403638213.9950969219 -54.5909 -16.8504 -2.34611 0.0165435 0.0607419 0.050366 0.996745
1403638214.1950969696 -49.0731 -16.9556 -2.55082 -0.00490644 0.0575685 0.0463915 0.997251
1403638214.3950970173 -43.74 -17.1634 -2.55078 -0.0201565 0.0498599 0.0428894 0.997631
1403638214.5950970650 -38.5621 -17.2609 -2.18356 -0.00497524 0.0436668 0.03697 0.998349
1403638214.7950971127 -33.5405 -17.1407 -1.55937 0.0159979 0.0380487 0.0329369 0.998605
1403638214.9950969219 -28.652 -16.7117 -0.784038 0.0248355 0.0337787 0.0300654 0.998668
1403638215.1950969696 -23.9133 -16.0503 -0.0421723 0.0228868 0.0319934 0.027773 0.99884
1403638215.3950970173 -19.4052 -15.1913 0.660953 0.0185225 0.0351155 0.0192636 0.999026
1403638215.6450970173 -14.1482 -14.5933 1.286 0.0222555 0.0365008 0.0147028 0.998978
1403638215.8950970173 -9.36074 -14.1501 1.76782 0.0232781 0.0398496 0.025672 0.998605
1403638216.1450970173 -4.85464 -13.4192 2.08672 0.0227683 0.0488127 0.029034 0.998126
1403638216.3950970173 -0.730639 -12.9578 2.1728 0.0274861 0.0548814 0.0269172 0.997751
1403638216.6950969696 3.75427 -12.4453 1.88124 0.0240942 0.0586414 0.0221373 0.997743
1403638216.9950969219 7.64576 -11.4112 1.51229 0.0321629 0.0754093 0.0267456 0.996275
1403638217.2450969219 10.3827 -10.2069 1.18404 0.020639 0.106962 0.0470562 0.992934
1403638217.5450971127 13.5011 -9.1315 0.306294 0.0126668 0.12796 0.049266 0.990474
1403638218.1450970173 17.616 -8.98927 -1.59366 0.0145599 0.135097 0.0246648 0.990418
1403638219.9950969219 15.8379 -6.74216 -8.47253 0.0248454 0.138228 0.0946496 0.985554
1403638220.9450969696 15.3309 -4.07235 -15.1352 0.0109427 0.156872 0.062332 0.985589
1403638222.3450970650 13.4519 -0.720733 -22.64 -0.00606755 0.15809 0.0682442 0.985045
1403638224.7950971127 11.8704 4.56225 -26.4791 -0.0117836 0.158089 0.070099 0.984863
