1403638518.0778295994 0 0 0 -0 -0 -0 1
1403638522.2778294086 -0.0288307 -0.205512 -0.0734332 0.00494878 -0.0132185 0.00121203 0.9999
1403638522.4778294563 -0.0169067 -0.667948 -0.227957 0.0100485 -0.0299386 0.011289 0.999437
1403638522.6778295040 -0.00985388 -1.20747 -0.39511 0.00760307 -0.0440103 0.0183727 0.998833
1403638522.8778295517 -0.0360481 -1.79582 -0.553779 0.0267666 -0.0605059 0.0224673 0.997556
1403638523.0778295994 0.0570559 -2.27625 -0.731743 0.039088 -0.0652424 0.0333183 0.996547
1403638523.5778295994 0.20923 -1.59427 -0.481362 0.0264966 -0.0475175 0.0135585 0.998427
1403638523.7778294086 0.276692 -1.02424 -0.327188 0.00209747 -0.0427073 0.00241135 0.999083
1403638523.9778294563 0.323955 -0.548659 -0.221745 0.00158582 -0.0372247 -0.0119964 0.999234
1403638524.3278295994 0.346078 -0.90973 -0.416417 -0.0130729 -0.0482275 -0.0211879 0.998526
1403638524.5278294086 0.36361 -1.61224 -0.62728 0.00943037 -0.0570642 -0.0104653 0.998271
1403638524.7278294563 0.342992 -2.24015 -0.764401 0.0327235 -0.0437702 -0.0077596 0.998475
1403638525.4278295040 0.267608 -1.62341 -0.442449 0.0160996 -0.0492352 -0.0227758 0.998398
1403638525.6278295517 0.248474 -1.08829 -0.280201 -0.015925 -0.0595315 -0.0155023 0.997979
1403638525.8278295994 0.248919 -0.742157 -0.151836 -0.0107783 -0.0488008 -0.0104765 0.998695
1403638526.0778295994 0.416074 -0.596615 -0.12629 -0.00722364 -0.031621 -0.015539 0.999353
1403638526.2778294086 0.814888 -0.690879 -0.20937 -0.00961261 -0.0172381 -0.00325881 0.9998
1403638526.4778294563 1.34061 -0.807585 -0.347489 0.00652264 -0.00292003 0.0114538 0.999909
1403638526.6778295040 2.02756 -0.845546 -0.5024 0.0239453 0.0127081 0.024797 0.999325
1403638526.8778295517 2.82764 -0.79604 -0.638884 0.0297669 0.031138 0.0228927 0.998809
1403638527.0778295994 3.53892 -0.739174 -0.765551 0.0146187 0.0520009 0.0319477 0.998029
1403638527.2778294086 4.07715 -0.752828 -0.820038 0.0124352 0.08472 0.0454492 0.99529
1403638527.7778294086 3.62952 -0.903451 -0.535295 0.0233567 0.105736 0.036397 0.993453
1403638527.9778294563 2.94123 -1.03095 -0.379475 0.0197898 0.0812984 0.041395 0.995633
1403638528.1778295040 2.23295 -1.12229 -0.205504 0.0240756 0.060168 0.0369426 0.997214
1403638528.3778295517 1.68729 -1.19379 0.106272 0.0245439 0.0348375 0.0324319 0.998565
1403638528.5778295994 1.39529 -1.30242 0.544218 0.0226988 0.0389524 0.0313592 0.998491
1403638528.8278295994 1.24926 -1.48378 0.977802 0.0218901 0.0511545 0.0432693 0.997513
1403638529.3778295517 0.844777 -1.36013 0.270719 0.00764405 0.0695182 0.0256633 0.997221
1403638529.5778295994 0.648507 -0.977792 0.0476851 -0.0288119 0.0632466 0.0230191 0.997316
1403638529.7778294086 0.515878 -0.650244 0.00558992 -0.0291976 0.0624377 0.0194248 0.997433
1403638529.9778294563 0.435153 -0.455859 0.0701951 -0.0124581 0.0624597 0.0213815 0.997741
1403638530.2778294086 0.441442 -0.373868 0.356421 -0.0180063 0.0719376 0.0278668 0.996857
1403638530.4778294563 0.485796 -0.338906 0.540213 -0.0173715 0.0794317 0.033955 0.99611
1403638530.7278294563 0.538928 -0.293872 0.65384 -0.0272884 0.0832988 0.0394808 0.995368
1403638531.3778295517 0.530764 -0.227237 0.723009 -0.0114452 0.0821307 0.0350256 0.99594
1403638539.0278294086 0.532455 -0.271194 0.75877 0.00542775 0.0824042 0.0340404 0.996003
1403638539.2278294563 0.539173 -0.394977 0.818814 0.0256043 0.082965 0.0346331 0.995621
1403638539.4278295040 0.553063 -0.692277 0.81866 0.0246553 0.0818104 0.0337232 0.995772
1403638539.6278295517 0.576242 -1.099 0.776367 0.0204822 0.0795511 0.0327475 0.996082
1403638539.8278295994 0.594362 -1.34613 0.827782 0.0167764 0.0775593 0.0312289 0.996357
1403638540.1278295517 0.607803 -1.61048 1.04465 -0.0104982 0.0742963 0.0324714 0.996652
1403638540.3278295994 0.636424 -1.87808 1.36129 0.000591587 0.0741801 0.0297582 0.996801
1403638540.6278295517 0.662834 -2.25009 1.99693 0.0121573 0.047364 0.0160842 0.998674
1403638540.9278295040 0.537755 -2.68391 2.74022 0.0164934 -0.0171323 -0.031941 0.999207
1403638541.2278294563 0.204878 -3.07339 3.54041 0.0192774 -0.0733062 -0.0542931 0.995644
1403638541.7778294086 -1.03089 -4.16676 4.9672 0.0248835 -0.098663 -0.0574895 0.993147
1403638542.0278294086 -1.83351 -4.90407 5.41323 0.0221575 -0.141878 -0.0661464 0.987423
1403638542.2278294563 -2.54322 -5.3362 5.78924 0.0203177 -0.188747 -0.0831054 0.978292
1403638542.4278295040 -3.27622 -5.66156 6.24326 0.0309484 -0.23373 -0.105952 0.966016
1403638542.7278294563 -4.47743 -6.0539 6.81178 0.0534387 -0.256511 -0.136602 0.955346
1403638543.1278295517 -6.29777 -6.86053 6.96081 0.0253408 -0.267792 -0.11478 0.95628
1403638543.5778295994 -8.46744 -7.42 7.1836 0.022787 -0.280984 -0.120565 0.951837
1403638543.8278295994 -9.75812 -7.59059 7.31318 0.0274259 -0.327699 -0.150907 0.932249
1403638544.0278294086 -10.8645 -7.88165 7.33966 0.0278235 -0.371242 -0.164277 0.913465
1403638544.2778294086 -12.2918 -8.28755 7.34123 0.0231938 -0.399949 -0.162828 0.901659
1403638544.6778295040 -14.6136 -8.72933 7.61763 0.0349978 -0.407448 -0.160171 0.898391
1403638545.1778295040 -17.3856 -9.27816 8.041 0.0282169 -0.410961 -0.164493 0.896246
1403638545.6278295517 -19.8245 -9.23357 8.62259 0.028623 -0.428192 -0.168587 0.887362
1403638545.8778295517 -21.1548 -9.38783 8.81068 0.0266913 -0.471775 -0.190976 0.860374
1403638546.0778295994 -22.2038 -9.64159 8.89018 0.0297737 -0.508273 -0.21615 0.833097
1403638546.3778295517 -23.8148 -9.88722 9.01565 0.0267444 -0.536472 -0.224094 0.813182
1403638546.7778294086 -26.0655 -10.051 9.29826 0.026785 -0.553823 -0.23201 0.799208
1403638547.1778295040 -28.4331 -10.408 9.36851 0.0351509 -0.557475 -0.248489 0.791353
1403638547.6278295517 -31.3348 -10.2549 9.29096 0.024275 -0.560153 -0.235936 0.793709
1403638548.0778295994 -34.4556 -9.70996 9.22094 0.0275748 -0.560065 -0.241473 0.791996
1403638548.3778295517 -36.5766 -9.66017 8.87265 0.0238976 -0.590477 -0.252008 0.766328
1403638548.6278295517 -38.4526 -9.80527 8.42907 0.02436 -0.61689 -0.261102 0.742078
1403638548.9778294563 -41.2032 -9.91941 7.83115 0.0234397 -0.628946 -0.265209 0.73044
1403638549.3278295994 -44.0984 -10.4563 7.01998 0.0209481 -0.630199 -0.261548 0.730755
1403638549.6278295517 -46.5578 -10.9126 6.39102 0.0212418 -0.631719 -0.253035 0.732429
1403638549.9778294563 -49.4491 -11.5183 5.71095 0.0181966 -0.630022 -0.254555 0.733446
1403638550.2778294086 -51.9306 -12.3976 5.06872 0.0165592 -0.631041 -0.254583 0.732599
1403638550.5778295994 -54.5054 -13.356 4.47284 0.0144931 -0.634536 -0.248576 0.731685
1403638550.8278295994 -56.6221 -13.9348 4.18763 0.0222555 -0.638765 -0.236843 0.731703
1403638551.0778295994 -58.622 -14.4845 4.0562 0.0377108 -0.643881 -0.221667 0.731341
1403638551.4278295040 -60.9815 -15.3906 4.07126 0.02477 -0.635763 -0.214503 0.741067
1403638551.6278295517 -62.2012 -15.9537 4.27605 0.0124214 -0.607123 -0.196514 0.769825
1403638551.8278295994 -63.2358 -16.4305 4.70665 0.00888578 -0.572117 -0.175512 0.801123
1403638552.0278294086 -64.0962 -17.0226 5.3557 0.0241677 -0.543684 -0.173785 0.820745
1403638552.3278295994 -65.1846 -18.2157 6.30659 0.0202837 -0.527665 -0.176424 0.830682
1403638552.6278295517 -65.9732 -19.3697 7.49091 0.0334866 -0.534641 -0.158953 0.82932
1403638552.9778294563 -66.3915 -20.4033 9.233 0.0363204 -0.535957 -0.174642 0.825186
1403638553.3278295994 -66.3782 -21.1935 11.1453 0.0543338 -0.544818 -0.169046 0.819539
1403638553.6278295517 -65.8193 -22.0722 12.6667 0.0737418 -0.542644 -0.180778 0.816957
1403638553.9778294563 -64.5401 -23.3883 13.9976 0.0647249 -0.540649 -0.188457 0.817309
1403638554.2778294086 -63.0502 -24.164 14.899 0.0450958 -0.533752 -0.204263 0.819361
1403638554.6778295040 -61.0379 -24.9452 16.1281 0.0295698 -0.533793 -0.207538 0.819218
1403638555.0778295994 -59.0756 -25.8364 17.1944 0.0284724 -0.531776 -0.193186 0.824065
1403638555.3278295994 -57.8388 -26.3298 18.0971 0.0260264 -0.508553 -0.186627 0.840159
1403638555.6278295517 -56.3171 -26.68 19.219 0.0306586 -0.492879 -0.186637 0.849292
1403638555.9778294563 -54.6354 -27.4524 20.3428 0.028698 -0.490828 -0.190193 0.849759
1403638556.2778294086 -53.1716 -28.2532 21.3073 0.0152197 -0.489814 -0.194644 0.849685
1403638556.6278295517 -51.7707 -28.99 22.6155 -0.00110763 -0.489115 -0.193412 0.850504
1403638556.9278295040 -50.8119 -30.0391 23.9059 0.00698226 -0.496689 -0.171942 0.850698
1403638557.1778295040 -50.0032 -30.8278 25.2207 0.0140097 -0.497207 -0.174306 0.849827
1403638557.4278295040 -49.216 -31.6013 26.6646 0.0190622 -0.495186 -0.181205 0.849466
1403638557.6778295040 -48.4276 -32.4682 28.1284 0.0285945 -0.490874 -0.193404 0.849011
1403638557.9278295040 -47.6693 -33.3381 29.5213 0.0302995 -0.48822 -0.197729 0.849486
1403638558.1778295040 -46.9823 -33.9978 30.9746 0.0115667 -0.486063 -0.202479 0.850066
1403638558.4278295040 -46.5546 -34.7782 32.3339 -0.00149285 -0.479253 -0.214608 0.851033
1403638558.6778295040 -46.419 -35.8504 33.656 -0.00915311 -0.480923 -0.205942 0.852184
1403638558.8778295517 -46.4427 -36.7858 34.7868 -0.0049492 -0.485203 -0.193227 0.85277
1403638559.0778295994 -46.6182 -37.5369 36.0572 0.0125121 -0.485911 -0.190981 0.852795
1403638559.2778294086 -46.8255 -38.2053 37.428 0.0224095 -0.486283 -0.193493 0.851814
1403638559.4778294563 -47.0879 -38.7754 38.7589 0.0289598 -0.483799 -0.201961 0.851065
1403638559.7278294563 -47.4552 -39.2352 40.4648 0.0342404 -0.484784 -0.20336 0.849974
1403638559.9778294563 -47.8747 -39.7625 42.028 0.0322471 -0.481767 -0.197821 0.85307
1403638560.1778295040 -48.2934 -40.0613 43.2614 0.0318188 -0.450976 -0.180172 0.873582
1403638560.3778295517 -48.6142 -40.2664 44.5418 0.0392291 -0.405584 -0.154586 0.900037
1403638560.5778295994 -48.9754 -40.4086 45.7809 0.0462711 -0.355633 -0.124507 0.925139
1403638560.7778294086 -49.1857 -40.4737 46.9699 0.0420931 -0.311576 -0.0890979 0.945098
1403638560.9778294563 -49.289 -40.6281 48.0777 0.0467626 -0.267252 -0.0652263 0.960279
1403638561.1778295040 -49.1251 -40.9214 48.9815 0.0573458 -0.225933 -0.0461526 0.971358
1403638561.3778295517 -48.7485 -41.2708 49.7259 0.0574992 -0.202083 -0.0393084 0.976889
1403638561.6278295517 -48.0495 -41.5306 50.5208 0.0427719 -0.186172 -0.061746 0.979642
1403638562.0278294086 -46.8775 -41.5793 51.8173 0.0428172 -0.17311 -0.0652068 0.981808
1403638562.3278295994 -45.9892 -41.6282 52.5693 0.0444481 -0.13993 -0.0534009 0.987721
1403638562.5778295994 -45.2943 -41.8465 52.9999 0.0451638 -0.0984132 -0.0293004 0.993688
1403638562.8278295994 -44.5038 -42.1201 53.2423 0.0442219 -0.0434519 0.00932431 0.998033
1403638563.0278294086 -43.7737 -42.2103 53.414 0.0437435 0.00349195 0.0341461 0.998453
1403638563.2778294086 -42.7526 -42.0233 53.5785 0.0477452 0.0510908 0.056891 0.995928
1403638563.6278295517 -41.1282 -41.6242 53.6404 0.0637629 0.0723151 0.0616175 0.993432
1403638564.0778295994 -38.6043 -41.1704 52.6693 0.0583453 0.0588481 0.0673039 0.994285
1403638564.4278295040 -36.1798 -40.6401 51.4069 0.0657553 0.0498809 0.0528924 0.995184
1403638564.7278294563 -33.9613 -40.2282 49.8709 0.0596969 0.0436389 0.0602949 0.995438
1403638564.9778294563 -31.8677 -39.517 48.5138 0.0600421 0.0424363 0.0690445 0.9949
1403638565.1778295040 -30.093 -38.4952 47.392 0.0573663 0.0420274 0.0709788 0.99494
1403638565.3778295517 -28.2052 -37.2625 46.2787 0.0537456 0.0452815 0.0672258 0.99526
1403638565.5778295994 -26.116 -36 45.1287 0.0585869 0.0516775 0.0588159 0.995207
1403638565.7778294086 -24 -34.8493 43.7383 0.0544666 0.0634925 0.0388478 0.995737
1403638565.9778294563 -21.8867 -33.7446 42.2095 0.0475915 0.0696796 0.0316167 0.995932
1403638566.1778295040 -19.893 -32.5957 40.652 0.0448581 0.0705534 0.0333986 0.995939
1403638566.3778295517 -17.9477 -31.264 39.1236 0.0432615 0.070115 0.0317202 0.996095
1403638566.5778295994 -16.1594 -29.7269 37.5951 0.0371159 0.0663426 0.0335469 0.996542
1403638566.7778294086 -14.3937 -28.0873 36.0894 -0.000375205 0.0618581 0.0326466 0.997551
1403638566.9778294563 -12.63 -26.3469 34.8147 -0.0218964 0.0572605 0.030752 0.997645
1403638567.1778295040 -10.8851 -24.785 33.8115 0.0142732 0.0572779 0.0262591 0.997911
1403638567.3778295517 -9.24191 -23.0309 32.9585 0.0326804 0.0610446 0.0209377 0.99738
1403638567.5778295994 -7.6849 -21.3261 32.12 0.0253777 0.0645893 0.0212023 0.997364
1403638567.7778294086 -6.2829 -19.8627 31.155 0.0137191 0.0695208 0.0194333 0.997297
1403638568.0278294086 -4.66837 -18.3714 29.9663 0.00637835 0.0709919 0.0220147 0.997214
1403638568.3278295994 -2.88581 -17.1357 28.6869 0.00801114 0.0739805 0.0173377 0.997077
1403638568.6778295040 -1.21307 -15.5979 27.4611 0.00106875 0.0749786 0.014431 0.99708
1403638569.1778295040 0.50123 -14.2899 26.2324 -0.000378627 0.0758538 0.012616 0.997039
1403638570.6278295517 1.18053 -12.9649 25.9638 0.0177026 0.0922856 0.0891016 0.99158
1403638570.8778295517 1.39985 -12.4668 26.21 0.0477246 0.14752 0.13118 0.979159
1403638571.0778295994 1.92033 -11.87 26.2209 0.0523884 0.196059 0.147081 0.968082
1403638571.2778294086 2.66827 -11.1863 25.9507 0.034358 0.239869 0.139693 0.960088
1403638571.5278294086 3.77946 -10.6098 25.3435 0.034749 0.26388 0.136669 0.954192
1403638571.7778294086 4.95678 -9.94526 24.5531 0.0247912 0.292353 0.148154 0.944439
1403638571.9778294563 6.02426 -9.36091 23.8345 0.0203577 0.325092 0.170974 0.929876
1403638572.1778295040 7.16164 -8.9431 22.9682 0.0200058 0.364778 0.185083 0.912295
1403638572.3778295517 8.39865 -8.54144 22.0221 0.00748292 0.406384 0.198366 0.891878
1403638572.5778295994 9.8214 -8.0155 21.0324 -0.00185715 0.437783 0.202536 0.875969
1403638572.7778294086 11.2402 -7.58455 20.1046 -0.0102446 0.45198 0.199015 0.869484
1403638572.9778294563 12.7739 -7.33453 19.1793 -0.018999 0.454082 0.195093 0.86913
1403638573.2278294563 14.7092 -7.08539 18.2355 -0.02311 0.450033 0.193739 0.871437
1403638573.4778294563 16.7889 -6.87081 17.4833 -0.0262114 0.450422 0.191514 0.87164
1403638573.6778295040 18.5841 -6.94165 16.9521 -0.0297123 0.45425 0.189518 0.869975
1403638573.8778295517 20.4769 -7.16179 16.5434 -0.0200658 0.476213 0.185337 0.859342
1403638574.0778295994 22.3914 -7.33852 16.2834 0.00934657 0.510148 0.204341 0.835408
1403638574.2778294086 24.2869 -7.35069 16.0951 0.034909 0.548221 0.233826 0.802222
1403638574.4778294563 25.9499 -7.221 15.8156 0.0285131 0.590126 0.250255 0.767015
1403638574.6778295040 27.6039 -7.0448 15.3727 0.0228914 0.619461 0.255467 0.741943
1403638574.8778295517 29.1234 -6.99072 14.797 0.00412496 0.63247 0.254118 0.731702
1403638575.1278295517 30.9458 -6.85 14.1144 0.00287249 0.627959 0.269692 0.730017
1403638575.3778295517 32.7936 -6.50241 13.4823 0.0054988 0.6219 0.276522 0.732629
1403638575.5778295994 34.3163 -6.08855 12.9048 -0.0068643 0.617144 0.274869 0.737247
1403638575.7778294086 35.9374 -5.76819 12.2583 -0.0239671 0.616103 0.265324 0.741246
1403638575.9778294563 37.6916 -5.69948 11.5777 -0.0288222 0.614085 0.263209 0.743499
1403638576.1778295040 39.5798 -5.82584 10.8876 -0.026064 0.614476 0.260795 0.744128
1403638576.3778295517 41.5716 -5.97032 10.3145 -0.030359 0.618617 0.251171 0.743844
1403638576.5778295994 43.641 -6.01054 9.90428 -0.0432591 0.62223 0.241824 0.743289
1403638576.7778294086 45.7688 -6.03138 9.72022 -0.0415763 0.625835 0.232256 0.743411
1403638576.9778294563 47.9478 -6.01905 9.78157 -0.0212579 0.62709 0.231742 0.743372
1403638577.1778295040 50.0344 -6.08038 9.95291 -0.00971905 0.62468 0.24016 0.74297
1403638577.3778295517 52.1113 -6.30602 10.1337 -0.0181767 0.627264 0.232005 0.743225
1403638577.5778295994 54.091 -6.70072 10.38 -0.0222981 0.627659 0.22979 0.743468
1403638577.7778294086 56.055 -7.00641 10.8232 -0.0187534 0.624688 0.236472 0.743972
1403638578.0278294086 58.4161 -7.2863 11.5493 -0.0183944 0.623973 0.234377 0.745243
1403638578.2278294563 60.2699 -7.69166 12.1649 -0.00472149 0.61889 0.244959 0.746289
1403638578.4278295040 62.0704 -8.13816 12.7462 0.00237261 0.616414 0.252073 0.745981
1403638578.6778295040 64.329 -8.4954 13.5216 0.002743 0.6183 0.250343 0.745001
1403638578.9778294563 66.8953 -8.71401 14.4189 -0.00896663 0.623382 0.235637 0.745513
1403638579.2278294563 68.9563 -9.12612 15.2319 -0.0087814 0.623031 0.233446 0.746497
1403638579.4778294563 70.9447 -9.73141 16.0274 0.0067011 0.616906 0.248219 0.746839
1403638579.6778295040 72.4312 -10.0737 16.7183 0.0234304 0.610268 0.23524 0.756099
1403638579.8778295517 73.7906 -10.2222 17.401 0.0155948 0.578382 0.209419 0.788274
1403638580.0778295994 74.9234 -10.3611 18.1247 0.0203263 0.520767 0.178395 0.834604
1403638580.2778294086 75.8676 -10.3741 18.8264 0.0348608 0.443618 0.145711 0.883604
1403638580.4778294563 76.5676 -10.2814 19.5761 0.0315147 0.374396 0.142055 0.915781
1403638580.7278294563 77.3192 -10.0585 20.2916 0.0206183 0.322121 0.134914 0.936809
1403638581.2278294563 78.8414 -10.3864 21.1877 0.0086947 0.298188 0.120493 0.946831
1403638581.6278295517 80.044 -11.1507 21.8026 0.0135475 0.312117 0.116715 0.94275
1403638582.3278295994 81.3495 -12.1445 22.7003 0.0202115 0.320607 0.113906 0.940121
1403638582.9278295040 81.4078 -14.0442 22.6077 0.0182512 0.32177 0.113267 0.939841
1403638583.7278294563 80.5599 -15.9976 22.872 0.00661294 0.321704 0.11626 0.939652
1403638584.2278294563 79.7113 -17.044 23.5148 0.0383329 0.326274 0.102884 0.938877
1403638584.8778295517 77.2989 -17.6285 23.9623 0.0228368 0.32025 0.113849 0.94019
1403638585.3778295517 74.807 -17.9566 23.9469 0.0208826 0.319175 0.117752 0.94012
1403638585.7778294086 72.7202 -18.1327 23.9808 0.00434443 0.316902 0.122253 0.940536
1403638586.2778294086 70.3717 -19.0572 23.9534 0.0138027 0.31885 0.12259 0.939742
1403638586.7778294086 67.9091 -19.4694 24.2922 0.020761 0.323795 0.1131 0.939114
1403638587.1778295040 65.7102 -19.2629 24.7426 0.0219008 0.321648 0.116121 0.939457
1403638587.6278295517 63.0584 -19.388 24.9883 0.0163277 0.319916 0.121239 0.939515
1403638588.0778295994 60.4217 -19.143 25.3441 0.0185311 0.320322 0.122008 0.939236
1403638588.5278294086 57.6884 -18.8508 25.7388 0.0150425 0.322979 0.113544 0.93945
1403638588.9778294563 54.7559 -19.1812 25.875 0.0207069 0.320532 0.122006 0.939119
1403638589.4278295040 51.802 -18.9633 26.0753 0.0213729 0.321435 0.121639 0.938843
1403638589.8778295517 48.8147 -19.0663 26.0412 0.0158822 0.322202 0.123208 0.938485
1403638590.3278295994 45.8961 -18.8395 25.9872 0.0187998 0.323883 0.124146 0.937728
1403638590.7778294086 42.9746 -18.5525 25.9322 0.0101392 0.322846 0.128828 0.937588
1403638591.2778294086 40.0742 -18.8162 25.6782 -0.0126524 0.320611 0.136829 0.937191
1403638591.7278294563 38.0943 -18.7364 26.1292 -0.0302947 0.316913 0.148895 0.936204
1403638592.2278294563 37.0432 -19.2956 27.3511 -0.00179269 0.313726 0.142381 0.938776
1403638592.5278294086 36.8207 -20.2579 27.898 0.0177433 0.272854 0.130583 0.952987
1403638592.9278295040 36.8863 -21.8428 28.3659 -0.0116493 0.238549 0.115566 0.964159
1403638593.3778295517 37.5564 -23.4612 29.2766 0.000375436 0.243838 0.0960697 0.965046
1403638593.7778294086 38.2475 -24.8538 30.2787 0.0190943 0.254253 0.0820541 0.963462
1403638594.2278294563 38.4119 -26.273 31.1318 0.0273726 0.230747 0.0837806 0.969014
1403638594.7778294086 37.9849 -28.0777 31.4153 0.0298674 0.222489 0.0830679 0.970931
1403638596.2278294563 35.5912 -28.6947 31.425 0.0116265 0.238576 0.0497703 0.969778
1403638596.7278294563 33.3033 -29.1094 31.6209 0.00401255 0.252338 0.00375119 0.967624
1403638596.9778294563 31.1873 -29.9052 31.8504 0.00677212 0.255254 -0.00467942 0.966839
1403638597.1778295040 29.0202 -30.484 32.213 0.0108202 0.258805 -0.00857897 0.965831
1403638597.3778295517 26.4073 -31.0379 32.6775 0.0188688 0.25741 0.00172373 0.966116
1403638597.5778295994 23.4244 -31.5013 33.2787 0.03555 0.249469 0.0274309 0.967341
1403638597.7778294086 20.1815 -31.8512 33.9189 0.0358379 0.248675 0.0267065 0.967555
1403638597.9778294563 16.7002 -32.0388 34.5662 0.0304885 0.241602 0.00671068 0.969873
1403638598.1778295040 12.964 -32.3143 35.123 0.0341255 0.221341 0.0281177 0.974194
1403638598.3778295517 8.99155 -32.629 35.6286 0.0317684 0.20567 0.0557852 0.976514
1403638598.5778295994 5.08017 -32.7764 36.1158 0.0259401 0.197931 0.0605423 0.978
1403638598.7778294086 1.30117 -32.805 36.5394 0.023782 0.175451 0.0517314 0.98284
1403638598.9778294563 -2.54063 -32.9204 36.9543 0.0251665 0.143205 0.0370835 0.988678
1403638599.1778295040 -6.32525 -33.099 37.2759 0.0268446 0.105135 0.0215616 0.993862
1403638599.3778295517 -10.0444 -33.395 37.515 0.0220547 0.0663255 0.00445595 0.997544
1403638599.5778295994 -13.6367 -33.5921 37.7017 0.0172064 0.0422408 -0.00596693 0.998941
1403638599.7778294086 -17.1213 -33.8663 37.8535 0.0141596 0.0339318 -0.00763316 0.999295
1403638599.9778294563 -20.6438 -33.8915 38.2876 0.0130117 0.0341728 0.00174589 0.99933
1403638600.1778295040 -23.9951 -34.0457 38.4797 0.00651888 0.0281105 0.0284561 0.999178
1403638600.3778295517 -27.2431 -34.1501 38.8603 -0.00189571 0.0239554 0.0545685 0.998221
1403638600.5778295994 -30.205 -34.323 39.3167 -0.00629792 0.024751 0.0629786 0.997688
1403638600.7778294086 -32.7629 -34.6981 39.8303 -0.0163074 0.0246511 0.0667383 0.997333
1403638600.9778294563 -34.9061 -35.2128 40.4838 -0.0261135 0.0355156 0.0331142 0.998479
1403638601.1778295040 -36.871 -35.7012 41.3609 -0.0241401 0.0421045 0.0118756 0.998751
1403638601.3778295517 -38.8297 -36.2276 42.4644 -0.00409577 0.0427437 -0.00139731 0.999077
1403638601.5778295994 -40.8051 -36.8578 43.5685 0.0127232 0.0136265 -0.00360484 0.99982
1403638601.7778294086 -42.7807 -37.6352 44.6566 0.019291 -0.0303352 -0.0283456 0.998952
1403638601.9778294563 -44.7851 -38.4923 45.598 0.0251252 -0.0825824 -0.0558891 0.994699
1403638602.1778295040 -46.7725 -39.2805 46.4675 0.0277529 -0.114486 -0.0730704 0.990345
1403638602.3778295517 -48.8681 -39.8173 47.3981 0.048391 -0.155209 -0.0817899 0.9833
1403638602.5778295994 -50.7376 -40.4348 47.8349 0.104674 -0.219172 -0.0530121 0.968606
1403638602.7778294086 -52.3513 -40.9582 48.0147 0.111547 -0.264397 -0.0630428 0.955865
1403638602.9778294563 -53.4842 -41.5031 47.6367 0.0962547 -0.310834 -0.0747677 0.942617
1403638603.1778295040 -54.298 -41.844 47.0592 0.0943482 -0.353844 -0.0819023 0.926922
1403638603.4278295040 -54.8224 -41.8789 46.2683 0.0398415 -0.367135 -0.117221 0.921891
1403638603.8778295517 -55.2844 -41.3577 44.9606 0.0713951 -0.370319 -0.141133 0.915341
1403638604.3278295994 -55.2131 -40.1658 43.0182 0.0765904 -0.370041 -0.143225 0.914708
1403638604.5778295994 -55.0619 -39.5434 41.3563 0.0491137 -0.369574 -0.145172 0.916476
1403638604.8778295517 -54.7512 -38.7107 39.2742 0.0342111 -0.37347 -0.136766 0.916867
1403638605.1278295517 -54.419 -38.1537 37.5201 0.00712069 -0.371398 -0.144284 0.917167
1403638605.5278294086 -54.1336 -37.5836 34.9898 0.0348184 -0.362315 -0.169486 0.915855
1403638605.8778295517 -54.3204 -36.7927 32.7429 0.0521386 -0.356896 -0.183216 0.914516
1403638606.1778295040 -54.8379 -36.203 30.4289 0.0541844 -0.35123 -0.19256 0.914671
1403638606.3778295517 -55.354 -35.5642 28.7517 0.0394566 -0.35249 -0.187041 0.916084
1403638606.5778295994 -56.1009 -34.7031 27.0595 0.00807817 -0.359216 -0.168937 0.917801
1403638606.7778294086 -56.9049 -33.825 25.4921 -0.00903573 -0.375505 -0.172529 0.910576
1403638606.9778294563 -57.937 -32.9 24.0627 -0.0152239 -0.408161 -0.185163 0.893805
1403638607.1778295040 -59.1568 -32.2899 22.7547 -0.0105326 -0.445799 -0.186253 0.875479
1403638607.3778295517 -60.474 -31.7177 21.6137 0.0134189 -0.470258 -0.175748 0.864748
1403638607.5778295994 -61.76 -31.0517 20.6011 0.0149572 -0.478243 -0.173501 0.860789
1403638607.7778294086 -63.0286 -30.3487 19.8742 0.0194361 -0.478917 -0.1735 0.860324
1403638607.9778294563 -64.1743 -29.5428 19.2696 0.0100229 -0.479278 -0.166681 0.861632
1403638608.2278294563 -65.5966 -28.43 18.7169 0.0255583 -0.474629 -0.167121 0.863797
1403638608.5278294086 -67.0345 -26.9734 18.1801 0.0386462 -0.472624 -0.166711 0.864489
1403638608.7778294086 -68.0422 -25.6438 17.8024 0.0429656 -0.474703 -0.16036 0.864347
1403638609.0278294086 -68.7861 -24.505 17.278 0.0271133 -0.474322 -0.163094 0.864687
1403638609.4278295040 -69.5996 -23.1258 16.6593 0.0238986 -0.477856 -0.154683 0.864382
1403638609.8278295994 -70.0858 -21.3965 16.3714 0.0245008 -0.473357 -0.163326 0.86525
1403638610.4778294563 -70.0577 -19.273 16.163 0.0415057 -0.476144 -0.152893 0.864978
1403638610.9278295040 -69.1639 -17.5922 16.1184 0.0363419 -0.478323 -0.153891 0.863831
1403638611.4278295040 -67.2842 -16.0468 16.0184 0.0510568 -0.475704 -0.165451 0.862395
1403638611.8778295517 -65.0166 -14.9762 15.4769 0.0328417 -0.472199 -0.16884 0.864547
1403638612.4778294563 -61.876 -13.653 14.7737 0.0268287 -0.471385 -0.163728 0.866181
1403638613.0778295994 -58.6778 -12.1059 14.1557 0.0391839 -0.460748 -0.167041 0.870789
1403638613.8278295994 -54.5685 -10.8687 12.6645 0.0463711 -0.451152 -0.145971 0.879207
1403638614.1278295517 -52.73 -9.85015 12.2144 0.0444627 -0.408147 -0.134626 0.90184
1403638614.4278295040 -50.7262 -8.948 11.5222 0.0338964 -0.363738 -0.121956 0.922861
1403638614.7778294086 -48.2835 -8.52405 10.6003 0.0187829 -0.332075 -0.0934013 0.938429
1403638615.0278294086 -46.3994 -8.61242 9.96999 0.00356733 -0.281825 -0.0702809 0.956882
1403638615.2278294563 -44.7798 -8.90976 9.63341 0.0151624 -0.220445 -0.0604316 0.973407
1403638615.4278295040 -43.1334 -9.18237 9.22691 0.0257704 -0.155421 -0.043325 0.986561
1403638615.6278295517 -41.5188 -9.34512 8.89457 0.0278169 -0.0994927 -0.0242739 0.994353
1403638615.8278295994 -39.9337 -9.49298 8.49445 0.0274384 -0.0702056 -0.0124969 0.997077
1403638616.0278294086 -38.3124 -9.67413 8.02887 0.026166 -0.0449144 0.000216714 0.998648
1403638616.2278294563 -36.7014 -9.64456 7.64722 0.0247439 -0.0118995 0.0133898 0.999533
1403638616.4278295040 -35.0902 -9.25715 7.41072 0.0222306 0.0310048 0.0304347 0.998808
1403638616.6278295517 -33.5153 -8.69196 7.25142 0.0138526 0.0611326 0.0432757 0.997095
1403638616.8278295994 -31.9093 -8.03953 7.10638 -0.0143655 0.0688756 0.0613007 0.995636
1403638617.0278294086 -30.216 -7.53202 7.03694 -0.0122896 0.0738723 0.0567374 0.995577
1403638617.2278294563 -28.442 -7.33555 7.04599 -0.00570092 0.0765643 0.0397744 0.996255
1403638617.4778294563 -26.2444 -7.41058 7.07218 -0.021599 0.0721219 0.0331418 0.996611
1403638617.7278294563 -24.1025 -7.96929 7.20172 -0.0199846 0.0696543 0.0238963 0.997085
1403638617.9778294563 -22.0632 -8.83936 7.51892 -0.0168788 0.0663865 0.0201438 0.997448
1403638618.2278294563 -20.1186 -9.68814 8.0739 -0.0168194 0.062995 0.0183101 0.997704
1403638618.4778294563 -18.2685 -10.4169 8.88358 -0.0160136 0.0611605 0.0155509 0.997878
1403638618.7278294563 -16.5135 -11.0637 9.94365 -0.0133755 0.0684764 0.0143752 0.997459
1403638618.9778294563 -14.8764 -11.9858 11.0869 -0.00291034 0.0843452 0.0197573 0.996236
1403638619.1778295040 -13.6894 -12.6168 12.0826 0.00563961 0.124238 0.0316838 0.99173
1403638619.3778295517 -12.4688 -13.0673 13.2547 0.0100197 0.175507 0.0552619 0.982875
1403638619.6278295517 -11.1109 -13.3747 14.666 0.014623 0.213772 0.0833006 0.973216
1403638620.0778295994 -8.85747 -13.6099 16.9916 0.0239462 0.228005 0.111076 0.967007
1403638620.5778295994 -6.02051 -14.0674 18.5588 0.0215622 0.232228 0.0977425 0.967498
1403638621.1278295517 -2.74311 -14.0495 19.6893 0.0119307 0.225946 0.0821684 0.970595
1403638621.6278295517 0.0599405 -14.1763 20.4195 0.0239479 0.220714 0.0717039 0.972404
1403638622.3778295517 2.86311 -13.0493 20.992 0.0356243 0.218235 0.0749031 0.972365
1403638623.4278295040 3.78903 -12.2181 17.527 0.0293448 0.222032 0.0798171 0.971324
1403638624.1278295517 3.22053 -11.0652 13.3448 0.0201045 0.227487 0.0805674 0.970234
1403638624.8778295517 2.31705 -8.8866 8.70456 0.0248378 0.223694 0.0724243 0.971648
1403638625.5278294086 1.45506 -7.11636 4.03303 0.0210964 0.199979 0.0810866 0.976211
1403638626.1778295040 1.04311 -5.6892 -0.693385 0.000440006 0.200282 0.0852076 0.976026
1403638626.8778295517 0.845635 -3.51041 -4.52114 -0.0105809 0.204102 0.0733577 0.97614
1403638629.1278295517 0.321854 -0.402456 -8.39028 0.00876258 0.20907 0.0697614 0.97537
